Sample	Otu00001	Otu00002	Otu00003	Otu00004	Otu00006	Otu00005	Otu00009	Otu00010	Otu00007	Otu00013	Otu00008	Otu00014	Otu00011	Otu00012	Otu00015	Otu00017	Otu00020	Otu00021	Otu00018	Otu00016
N1	0.656573705	38.35856574	33.48844622	1.545816733	0	0.796812749	0	0	0.210358566	0.745816733	0.028685259	2.364940239	1.306772908	0.082868526	0.003187251	0	0	0.219920319	0.006374502	0.009561753
N2	0.566110896	40.75610702	25.41295076	2.29934083	0	2.163629314	0	0.023264831	0.131834044	1.132221791	0.019387359	2.07444746	1.229158589	0.488561458	0.003877472	0	0	0.387747189	0.20550601	0.031019775
N3	12.69420392	27.5800638	9.508223889	4.114015826	0	0.770601152	0	0.907320711	0.675311762	0.708455898	0.136719559	2.046650371	0.240294983	2.146082777	0.05385922	0	0	0.418444711	2.262087252	1.802212371
N4	30.41382081	32.43413878	9.234919359	3.036216495	0	1.595592034	0	0.18366527	2.008838891	0.895368191	1.802215462	1.302875509	0.355851461	2.261378637	0.022958159	0	0	0.809275096	0.022958159	0.241060667
N5	4.213102574	27.24094227	3.312792273	21.5244089	0	1.603950876	0	0.126742712	0.563786548	0.196669726	1.75254578	2.04536515	0.214151479	3.019972903	0.021852192	0	0	0.572527425	4.916743149	1.560246493
N6	11.33337048	28.95748593	7.104251407	13.01610297	0	1.443138129	0	0.005571962	0.596199922	0.429041065	0.774502702	2.429375383	0.50147657	1.275979272	0.016715886	0	0	0.534908341	2.797124868	1.660444643
N7	21.41330397	29.25059913	4.760671028	4.87725889	0	0.511691172	0	0.01943131	0.900317378	0.958611309	0.129542069	2.480730617	0.731912689	1.768249239	0.01943131	0	0	1.612798756	2.519593238	3.413433513
N8	26.39460505	18.38647295	11.81633361	0.783458125	0	5.558585808	0	0.014875787	1.467744335	0.352060297	0.148757872	2.742103436	0.183468042	1.26444191	0.054544553	0	0	2.216492289	3.808201517	3.555313135
N9	48.41281691	5.745513184	1.269149222	3.729805596	0	0.319526981	0	0.032848568	2.454683907	0.053752202	0.122435572	1.546868934	0.005972467	1.403529728	0.053752202	0	0	0.074655837	1.119837549	7.31925822
N10	42.46527558	4.189129194	10.21437179	0.488361768	0	1.408004059	0	0.072937147	5.603475614	0.190270819	0.053910065	1.024291241	0.019027082	0.929155832	0.019027082	0	0	0.066594787	0.726200292	6.009386694
N11	60.11640798	0.015397881	0.015397881	0.754496181	0	0.067750678	0	0	0.104705593	0.212490761	0.015397881	0.375708303	0.104705593	0.46809559	0.563562454	0	0	0.006159153	0.064671101	0.021557034
N12	52.98512531	0.027168376	0.006792094	1.494260681	0	0.06792094	0.006792094	0	5.37933845	0.006792094	0.061128846	0	0.258099572	0.421109828	18.35903009	0	0	0.040752564	0.692793588	1.304082048
N13	53.60264684	0.008169267	0.004084634	1.670615146	0	0.040846336	0.004084634	0.004084634	1.155951311	0	0.077608039	0.012253901	0.089861939	0.445225063	13.23829752	0	0	0.008169267	1.719630749	2.295564088
N14	60.27828934	0.008184981	0.085942296	2.77470841	0	0.094127276	0.008184981	0	3.806015961	0.090034786	0.053202374	0.00409249	2.271332106	0.351954164	8.888888889	0	0	0.00409249	0.462451402	0.261919378
N15	50.50816697	0.005185377	0.051853772	8.638838475	0	0.267046928	0	0	4.423126782	0.067409904	0.067409904	0.01814882	0.741508945	0.61965258	10.14000519	0	0	0.041483018	1.083743842	0.425200933
N16	59.06891645	0.020329335	0.016263468	6.89571051	0	0.121976011	0.004065867	0	0.918885952	0.004065867	0.101646676	0.008131734	2.069526326	0.280544826	15.08436674	0	0	0.004065867	0.861963814	0.309005896
N17	49.52309579	0.047690421	0.044283962	0.153290639	0	0.180542308	0.003406459	0	13.03311078	0.003406459	4.02302766	0.013625835	0.752827361	2.663850661	0.132851887	0	0	0.010219376	1.348957624	2.987464232
N18	31.58133653	14.4969359	5.210596284	8.26821439	0	0.301546642	0	0.003242437	5.414869816	0.006484874	2.655555916	0.171849162	7.110664375	1.692552122	0.055121429	0	0	0.012969748	0.340455887	1.935734898
N19	1.536514119	3.665043817	0.47322298	2.459591042	0	1.517039922	0	0	16.8023369	0.00194742	13.24050633	0.011684518	0.091528724	8.864654333	0.033106134	0	0	0.445959104	1.945472249	12.17332035
N20	26.60079905	11.47284311	3.633516899	5.463772811	0	0.750458914	0	0	15.71644531	0.02159594	3.871072238	0.507504589	2.607709751	2.78047727	0	0	0	0.302343159	1.430731023	3.379764604
N21	13.90800568	10.56292552	7.238140925	3.837709183	0	5.714127567	0	0	2.907802727	0.03690105	14.39325449	0.835808779	10.15147881	1.65132198	0.304433661	0	0	1.509252938	1.988966586	0.437277441
N22	20.08680842	17.23714814	4.593154222	6.104060216	0	0.807647931	0	0	0.036628024	0.164826108	6.190136073	2.023698332	3.085911031	2.900939509	0.252733366	0.001831401	0	0.531106349	3.855099537	0.208779737
N23	25.16697513	17.99710308	2.98543494	4.26088356	0	0.402349722	0	0	0.016093989	0.092540436	4.212601593	2.329604893	5.331133822	2.55089724	0.116681419	0	0	0.422467208	2.908988493	0.036211475
N24	4.932975871	30.4691689	9.014745308	9.792225201	0	0.951742627	0	0	0.040214477	0.033512064	6.072386059	1.360589812	5.918230563	2.64075067	0.09383378	0	0	0.991957105	1.655495979	0.040214477
N25	17.20694522	26.26480777	2.64294573	8.369328144	0	0.359235342	0	0	0.014968139	0.021383056	2.27301886	1.186759612	9.038617799	0.784758158	0.113330197	0	0	0.305777702	0.485395373	0.004276611
N26	3.327917368	26.72198689	4.645157547	13.74688098	0	1.69442349	0	0	0.037718331	0.197295886	1.279521848	1.085127372	5.831834271	1.993268729	0.168281785	0	0	0.32785934	2.181860384	0.00870423
N27	1.857065836	20.09824477	16.79746001	6.212184748	0	13.40082669	0	0	0.04792428	0.215659258	3.037201222	1.749236207	2.947343198	6.739351824	0.095848559	0	0	1.096267897	1.976876535	0.005990535
N28	0.232231845	22.72969181	21.43790217	5.065557115	0	16.23687648	0	0	0.087086942	0.043543471	1.862692922	1.374038415	2.027190478	3.710871353	0.15482123	0	0	0.701533698	1.674004548	0.004838163
N29	5.772476651	24.48520311	14.41806384	11.15487041	0	4.560969206	0.003750797	0	0.045009565	0.026255579	3.131915532	2.689321481	3.555755598	5.097333183	0.180038258	0.003750797	0	1.080229549	1.380293312	0.003750797
N30	0.179131214	14.23346768	18.96551724	6.04941036	0	12.63621436	0	0	0.13061651	0.055978504	0.809822362	1.559934319	1.694282729	5.65382893	0.041050903	0	0	0.779967159	5.052992984	0.0037319
N31	19.25734024	12.90299367	8.103051238	4.155872193	0	8.678756477	0	0	0.320236039	0.035981577	2.810161197	1.432066782	6.088082902	2.371185953	0.381404721	0	0	1.741508348	0.870754174	0.010794473
W1	0.596275571	0.495367397	0.064214292	0.146775525	0	0.045867352	41.87230529	0.073387763	0.055040822	0.004586735	0.013760205	0.022933676	0	0.027520411	0	0	0	0.027520411	0.064214292	0.050454087
W2	0.356388596	0.105596621	0.039598733	0	0	0	38.41077086	0.105596621	0	0	0	0	0.013199578	0.026399155	0.013199578	0	0	0.145195354	0	0.039598733
W3	0.277740144	0.142257147	0.135482997	0.033870749	0	0.040644899	47.32421081	0.088063948	0.00677415	0	0	0.02032245	0	0	0	0	0	0.0135483	0.0135483	0.02032245
W4	6.076800176	0.126714782	0.060602722	0.016528015	0.005509338	0	44.97823811	0.044074707	0.148752135	0	0.027546692	0.011018677	0	0.005509338	0	0	0	0.011018677	0.011018677	0.016528015