Family	N1	N2	N3	N4	N5	N6	N7	N8	N9	N10	N11	N12	N13	N14	N15	N16	N17	N18	N19	N20	N21	N22	N23	N24	N25	N26	N27	N28	N29	N30	N31	W1	W2	W3	W4
Phormidiaceae	0.662948207	0.573865839	13.07121846	30.86724445	4.322363533	11.6231125	21.86022411	26.96484356	48.98020127	42.96949325	60.58450357	53.97677104	54.36647333	61.03540004	51.20560021	59.75604798	50.06131626	32.06121721	1.577409932	27.16229349	14.17553829	20.42744904	25.62163032	4.979892761	17.52341445	3.40915685	1.910980651	0.237070008	5.88875136	0.186595014	19.6099597	0.697183745	0.514783527	0.284514293	6.19800562
Nostocaceae	40.66613546	44.38154323	29.81729295	38.31716696	32.07027665	32.84114337	31.23259278	25.56156097	6.653328157	6.050612038	0.104705593	0.183386538	0.155216077	0.175977082	0.368161784	0.284610693	4.970023164	18.63752797	19.66114898	17.17417126	33.06334065	26.39598557	24.43469864	38.86058981	30.38532267	30.64759473	38.21362248	42.4452078	33.33708413	29.73578146	25.98949338	0.591688836	0.211193242	0.209998645	0.176298827
Unknown_Family	37.09322709	27.09965103	11.26900609	10.37708776	4.571478519	8.274363403	8.828291988	14.53364407	1.478185565	10.57905753	0.428061099	0.312436324	0.065354138	0.257826888	0.277417682	0.117910144	0.415587955	5.528355112	2.395326193	4.972465177	9.843355043	6.543596506	3.794157882	10.46246649	3.147585853	5.222538154	18.28910322	22.72001548	15.94838903	20.61128527	10.40587219	0.454086781	0.725976769	0.596125186	0.369125668
Oxyphotobacteria_unclassified	1.590438247	2.345870492	4.180304097	3.082132813	21.69485599	13.1721179	4.8966902	0.78841672	3.771612865	0.523244752	0.800689825	1.514636963	1.825831223	2.844280745	8.750324086	7.042081724	0.224826271	8.680003891	2.494644596	5.560954541	3.86538497	6.159002253	4.293071538	9.832439678	8.45913698	13.86003598	6.272090098	5.128453239	11.22613555	6.101656964	4.217040875	0.155948996	0.026399155	0.054193199	0.038565368
Cryomorphaceae	0.4812749	0.558355952	0.111861458	0.00573954	0.139854027	0.167158857	0.006477103	0	0	0.009513541	0.064671101	0.013584188	0.004084634	0.008184981	0.005185377	0.004065867	0.006812917	0	0	0.04319188	0.416981863	0.025639617	0.024140983	0.147453083	0.089808835	0.01160564	0.071886419	0.053219798	0.056261956	0.858337065	0.140328152	41.95486653	38.5031679	47.39872646	45.09393422
Aeromonadaceae	0	0.023264831	0.907320711	0.18366527	0.126742712	0.005571962	0.01943131	0.014875787	0.032848568	0.072937147	0	0	0.004084634	0	0	0	0	0.003242437	0	0	0	0	0	0	0	0	0	0	0	0	0	0.073387763	0.105596621	0.088063948	0.044074707
Xenococcaceae	0.251792829	0.201628538	2.605957658	2.645927797	2.290109698	2.485095002	5.000323855	5.841225765	12.93337713	15.55463944	0.141660508	6.975480541	3.774201454	4.313484755	5.200933368	1.410855865	16.89603488	9.866735839	30.68938656	21.10463233	3.42810753	0.260058971	0.052305464	0.100536193	0.025659667	0.046422561	0.05990535	0.116115922	0.052511159	0.160471712	0.349021301	0.13301532	0.065997888	0.047419049	0.187317503
Spirosomaceae	2.349003984	4.746025591	5.816795791	1.354531367	7.176259779	4.07310414	5.207591165	6.505677592	4.106071013	3.256802182	1.776915496	0.821843374	2.344579691	2.435031717	1.283380866	1.061191299	2.520779398	2.318342466	8.899707887	1.965230537	2.531412019	4.272659011	3.520560071	1.943699732	0.585895736	2.669297278	3.282813155	3.618946248	2.010427216	7.9004329	1.216177317	0.266030639	0.263991552	0.081289798	0.09916809
Chloroflexaceae	3.13625498	2.687088019	2.775821353	1.762038684	2.696560465	3.131442581	3.245028823	3.644567858	2.048556156	1.398490518	0.557403301	0.013584188	0.016338534	0.249641907	1.117448794	0.121976011	0.013625835	0.226970591	0.015579357	0.604686319	1.075665603	2.71963079	3.02969341	1.769436997	1.543856648	1.465212093	2.324327562	1.780444143	3.428228499	2.078668458	1.971790443	0.032107146	0	0.02032245	0.016528015
Cytophagales_unclassified	2.486055777	1.655680496	0.368728508	0.671526144	0.42393252	0.67977935	1.133493102	0.451232211	0.098545704	0.085621868	9.020078837	0.672417306	0.988481333	3.748721097	1.760435572	2.598089042	0.827769451	7.979637496	0.584225901	3.120613325	11.49283197	4.983242679	7.157801561	7.352546917	10.98661421	7.215806882	3.96573414	2.56422662	4.654739132	2.6309897	8.031088083	0.050454087	0.065997888	0.02032245	0.187317503
Leptolyngbyaceae	0.09561753	0.527336177	2.543812404	2.39338805	3.369607972	1.7105923	2.247554893	1.646253781	1.970914086	1.300183928	0.945429909	2.044420295	3.014459603	0.974012687	1.571169303	0.711526733	3.01812236	1.848189099	10.88607595	3.363567649	2.153176258	4.736003516	3.806228374	3.042895442	1.180344695	2.295015377	7.458216019	5.612269582	5.551179626	7.907896701	2.66263673	0.036693881	0.026399155	0	0.022037353
Flavobacteriaceae	0.108366534	0.562233424	4.151302979	0.688744763	5.02163367	1.287123196	1.930176825	1.358655229	1.67229074	1.31603983	0.695984233	18.79372411	13.74070746	9.294045427	10.71558206	15.23886969	1.141163646	1.420187413	7.347614411	1.452326963	1.02215908	0.807647931	0.47879617	0.435656836	0.179617671	0.269831138	0.395375307	0.237070008	0.326319343	0.365726228	0.554116292	5.256398496	5.187434002	5.175450481	5.024516556
Peptostreptococcaceae	0.015936255	0.007754944	0	0	0	0	0	0	0	0	0	0	0	0	0	0	0	0	0	0	0	0.001831401	0	0	0	0	0	0	0.003750797	0	0	0	0	0	0
Bacteroidia_unclassified	0.465338645	0.352849942	0.749886067	1.630029272	0.209781041	0.072435505	0.233175724	0.40660485	0.334458148	0.110991311	0.347992116	0.013584188	0.008169267	0.040924903	0.077780659	0.028461069	0.473497752	0.252910087	0.062317429	0.20516143	0.08118231	0.038459425	0.040234972	0.053619303	0.132574948	0.182788835	0.089858024	0.062896125	0.105022317	0.074638006	0.2554692	0.321071461	0.435586061	0.264191844	0.303013608
Xanthomonadaceae	0.105179283	0.089181853	0.107718441	0.355851461	0.170447096	0.033431771	0.038862621	0.247929786	0.185146475	0.313946851	0.280241439	0.448278204	0.200147047	1.481481481	1.247083225	0.365928034	0.115819594	0.188061347	0.157740993	0.124176655	0.252772191	0.117209677	0.060352458	0.180965147	0.008553222	0.037718331	0.077876954	0.072572451	0.097520723	0.044782803	0.392199194	0.155948996	0.171594509	0.149031297	0.115696105
SM1A07_fa	0.076494024	0.073671966	0.066288271	0	0.004370438	0.005571962	0.058293931	0.03471017	0.011944934	0.009513541	0.003079576	0.013584188	0.004084634	0.012277471	0.010370754	0	0	0.006484874	0.005842259	0	0.826583516	0.598868194	2.482497787	1.481233244	6.089894368	7.624905704	1.228059666	0.643475737	3.735793856	0.675473951	6.861686816	0	0.013199578	0.00677415	0
Family_XII	0.433466135	2.256688639	0.923892779	0.063134937	0.004370438	0.284170056	0.01943131	0.014875787	0.020903634	0.012684721	0	0.006792094	0	0	0	0	0	0	0.015579357	0	0.001845052	0	0	0	0	0	0	0.009676327	0.007501594	0.007463801	0.003598158	0.018346941	0.013199578	0.00677415	0.011018677
Alteromonadaceae	0.006374502	0.131834044	9.238927787	1.228261493	6.520694026	11.37794617	3.925124684	1.512371696	1.794726312	2.809665758	0.003079576	0.006792094	0	0	0	0.004065867	0	0	0.021421616	0	0	0	0	0	0.006414917	0	0	0	0.007501594	0.0037319	0.014392631	0.931107238	0.950369588	0.697737434	0.479312435
Saprospiraceae	0.468525896	0.151221404	0.049716203	0	0.030593068	0.061291581	0.045339724	0.03471017	0.041807268	0.022198262	0.209411185	0.278475854	0.731149416	0.180069572	0.171117449	0.199227485	0.480310669	0.256152524	0.007789679	0.232156355	0.191885459	0.173983114	0.40637322	0.221179625	0.049181029	0.095746533	0.095848559	2.027190478	0.39383369	0.52619794	0.057570524	0.357765343	0.501583949	0.189676196	0.269957578
Microscillaceae	1.172908367	0.783249321	0.132576542	0.086093095	0.157335781	0.100295314	0.194313103	0.252888382	0.486756055	0.856218685	1.194875585	2.750798071	5.09353811	0.822590546	1.51931553	0.622077658	2.588908571	1.050549593	3.073028238	1.495518842	2.538792229	4.089518891	3.065904885	2.942359249	1.300089809	1.775662972	0.910561313	0.483816343	0.232549417	1.336020302	0.852763385	0.110081644	0.27719113	0.067741498	0.137733458
Subgroup_6_fa	0	0	0	0	0.004370438	0	0.006477103	0.03471017	0.065697136	0.012684721	0.058511949	0.020376282	0.004084634	0	0	0	0.245265022	0.045394118	0.015579357	0.048590865	0	0.029302419	0.004023497	0	0	0	0	0	0	0	0	0.357765343	0.32998944	0.304836743	0.286485593
Microcystaceae	0	0	0	0	0	0	0	0	0	0	0	0	0	0	0	0	0	0	0	0	0	0.003662802	0	0	0	0.01160564	0.053914815	0.038705307	0.022504782	0.104493208	0.007196315	0.004586735	0	0	0
A4b	2.023904382	2.345870492	1.462484982	0.281237445	1.258686246	1.732880147	3.186734892	3.059453563	1.967927853	0.830849242	5.219881744	1.113903416	1.809492689	2.144464907	2.582317864	1.593819882	0.824362992	0.541486982	5.59104187	1.700680272	3.719625823	5.574785268	7.636597731	5.107238606	9.325150751	4.532002553	3.33672797	4.189849533	3.608266757	6.907747425	7.602907311	0.110081644	0.184794087	0.060967349	0.071621398
Chitinophagaceae	0.015936255	0.252035673	0.087003356	0.00573954	0.02622263	0.022287848	0.051816828	0.17355085	0.170215307	0.091964229	0.234047795	0.183386538	0.310432154	0.090034786	0.114078299	0.113844277	0.524594631	0.06484874	0.038948393	0.06478782	0.256462296	0.366280241	0.2896918	0.207774799	0.094085447	0.095746533	0.185706584	0.120954086	0.071265144	0.167935513	0.050374208	0.307311256	0.409186906	0.291288443	0.303013608
MWH-CFBk5	0	0	0.004143017	0	0	0	0	0	0	0	0	0	0	0	0	0	0	0	0	0	0	0	0	0	0	0	0	0	0	0	0	0.004586735	0	0	0
Clostridiaceae_1	0.012749004	0.015509888	0	0	0	0	0.006477103	0	0	0	0	0	0	0	0	0	0	0	0	0	0	0	0	0	0	0	0	0	0	0	0	0.027520411	0	0.0135483	0.005509338
Xiphinematobacteraceae	0.497211155	0.484683986	0.09528939	0.011479079	0.008740877	0.072435505	0.375671999	0.004958596	0.005972467	0.025369443	0	0	0	0	0	0	0	0	0	0	0.001845052	0.016482611	0.008046994	0.04691689	0.010691528	0.142169094	0.03594321	0.082248778	0.026255579	0.13434841	0.050374208	0.004586735	0	0	0
Ilumatobacteraceae	0.03187251	0.077549438	0.074574305	0.011479079	0.179187973	0.167158857	0.142496276	0.203302425	0.203063876	0.057081246	0.104705593	0.061128846	0.130708275	0.057294864	0.134819808	0.056922139	0.204387519	0.15239454	0.087633885	0.102580715	0.035055997	0.115378276	0.136798906	0.026809651	0.017106445	0.00870423	0.029952675	0.125792249	0.011252391	0.242573518	0.017990789	0.522887808	0.712777191	0.372578241	0.600517878
Nodosilineaceae	0.006374502	0.027142303	0	0	0	0	0	0	0	0	0	0	0	0	0	0	0	0	0	0	0	0	0	0.013404826	0.002138306	0	0.005990535	0.01451449	0	0.011195701	0	0.004586735	0.013199578	0	0
Gemmataceae	0.006374502	0	0.004143017	0	0.013111315	0.022287848	0.006477103	0.03471017	0.050765969	0.031711803	0.067750678	0.020376282	0.028592435	0.094127276	0.129634431	0.060988006	0.238452105	0.016212185	0.005842259	0.19436346	1.040609605	0.384594253	0.197151364	0.563002681	0.77406663	1.294028898	0.527167076	0.062896125	0.195041446	0.082101806	1.155008636	0.013760205	0.013199578	0.00677415	0.016528015
Chromobacteriaceae	0	0	0.008286034	0	0	0.011143924	0	0.084296127	0.005972467	0.091964229	0	0	0	0	0	0	0	0.003242437	0	0	0	0	0	0	0	0	0	0	0	0	0	0.096321438	0.092397043	0.094838098	0.077130737
Burkholderiaceae	0.028685259	0.093059325	0.729170982	0.149228032	0.708011014	0.67977935	0.634756137	0.659493232	1.003374444	0.675461407	1.545947278	0.726754058	0.935381096	0.466543892	0.920404459	0.471640577	1.199073443	0.898155053	0.502434275	0.923226433	0.627317847	1.228870209	0.748370484	0.321715818	0.076979002	0.229211397	0.449290122	0.32415695	0.363827313	0.947902672	0.201496834	7.150720117	7.629355861	5.764801517	5.691146493
SBR1031_fa	0.047808765	0.019387359	0.091146373	0	0.004370438	0.362177523	0.071248138	0.004958596	0.014931167	0.00317118	0	0	0.004084634	0	0	0.004065867	0.003406459	0.006484874	0	0.016196955	0	0.001831401	0	1.407506702	1.535303426	5.141298671	1.120230037	0.198364701	0.041258767	0.570980743	2.054548071	0.004586735	0	0.0135483	0
Pseudanabaenaceae	0	0.003877472	0.004143017	0.00573954	0	0.005571962	0	0	0	0	0	0	0	0	0	0	0	0	0	0	0.322884186	0.282035786	0.329926772	2.319034853	2.159688663	5.42563686	4.648655125	1.378876578	4.047110011	1.518883415	1.381692573	0	0	0.0135483	0
SepB-3_fa	0	0	0.120147491	0.114790794	0.166076657	0.156014933	0.284992551	0.238012595	0.851076537	0.532758293	0.046193644	0.71316987	2.013724369	0.311029261	0.456313197	0.365928034	0.599536722	1.20618657	0.319376826	0.20516143	0.035055997	0.020145413	0.004023497	0	0.004276611	0.00870423	0.005990535	0.004838163	0.007501594	0.0037319	0	0	0	0	0
Rubritaleaceae	0.073306773	0.174486235	0.54273522	0.091832635	0.380228137	0.406753218	0.408057517	0.401646254	0.220981276	0.30126213	2.974870658	0.40752564	0.400294094	1.149989769	0.982628986	0.829436877	0.681291729	0.003242437	0.031158715	0.199762445	0.214026089	0.448693295	0.305785789	0.368632708	0.119745114	0.258225498	0.389384772	0.217717354	0.150031882	0.488878937	0.169113414	0.545821484	0.937170011	0.508061238	0.600517878
Sphingomonadaceae	1.44063745	1.531601396	1.284335253	1.084773001	0.952755561	0.646347579	0.906794482	0.813209699	1.752919043	0.989408258	0.662108894	0.489030768	0.784249653	0.515653775	0.596318382	0.430981907	1.124131353	0.90139749	0.562804284	0.826044704	0.341334711	0.28936139	0.297738795	0.227882038	0.119745114	0.206000116	0.227640328	0.295127969	0.453846442	0.365726228	0.219487622	1.619117512	1.280359029	1.415797317	1.68034819
Opitutaceae	0	0.011632416	0.004143017	0.00573954	0.061186137	0	0.025908414	0.049585957	0.200077642	0.130018393	0.93619118	0.50940705	0.473817499	0.761203192	1.021519316	0.548892051	0.960621338	0.372880257	0.568646543	0.723463989	0.197420617	0.199622731	0.100587431	0.04691689	0.021383056	0.159577555	0.017971605	0.024190817	0.003750797	0.026123302	0	0.57792863	0.646779303	0.751930633	0.457275081
Phycisphaeraceae	0.006374502	0.015509888	0.016572068	0	0	0.005571962	0.012954207	0.014875787	0.026876101	0.006342361	0.375708303	0.115465598	0.053100237	0.135052179	0.292973814	0.093514942	0.102193759	0.016212185	0.042843233	0.1079797	0.083027362	0.023808216	0.020117486	0.04691689	0.010691528	0.087042303	0.03594321	0.024190817	0.011252391	0.186595014	0.043177893	0.096321438	0.131995776	0.121934697	0.088149413
Cytophagaceae	0	0.007754944	0.004143017	0	0.004370438	0	0	0.014875787	0.005972467	0.123676032	0.012318305	0.040752564	0.183808512	0.597503581	0.137412497	0.134173613	0.228232729	0.087545799	0.225900682	0.03239391	0.018450525	0.025639617	0.012070492	0	0	0.00290141	0	0	0	0	0	0.13301532	0.211193242	0.108386398	0.176298827
Hymenobacteraceae	0.015936255	0.058162078	1.259477151	0.109051254	2.351295835	1.331698891	0.284992551	0.644617444	1.732015409	2.188114416	0.003079576	0	0.004084634	0	0.005185377	0.008131734	0.136258346	0.411789501	0.338851022	0.048590865	0.00738021	0.001831401	0	0	0.004276611	0	0.01198107	0	0.030006376	0.0037319	0.007196315	0.004586735	0.013199578	0.0135483	0
Rhodobacteraceae	0.3187251	0.445909267	0.401872644	0.18366527	0.384598575	0.256310247	0.647710344	0.659493232	1.170603518	0.60252426	1.161000246	0.964477348	1.037496937	1.293226929	0.834845735	1.305143322	1.890584548	0.969488668	0.893865628	1.554907677	0.352405026	0.450524696	0.50696065	0.28150134	0.064149168	0.171183195	0.275564608	0.237070008	0.307565358	0.481415137	0.226683938	3.086872764	3.128299894	2.398049045	2.451655556
Beggiatoaceae	0	0	0	0	0	0	0	0	0	0	0	0	0	0	0	0	0	0	0	0	0	0	0	0	0	0	0	0	0	0	0	0	0	0	0
Chromatiaceae	0	0	0	0	0	0	0	0	0	0	0	0	0	0	0	0	0	0	0	0	0	0	0	0	0	0	0	0	0	0	0	0	0	0	0
Phormidesmiaceae	0.044621514	0.085304382	0.070431288	0.109051254	0.091779205	0.128155123	0.116587862	0.06942034	0.095559471	0.085621868	0	0	0	0	0	0	0.020438752	0.003242437	0.023369036	0.01079797	0.057196627	0.073256048	0.040234972	0.174262735	0.12188342	0.037718331	0.071886419	0.149983066	0.093769926	0.369458128	0.082757628	0	0	0	0
AKYH767	0	0	0	0	0	0	0	0.004958596	0	0	0.009238729	0.006792094	0	0	0	0	0.034064586	0.003242437	0	0.016196955	0	0	0	0	0	0	0	0	0	0	0	0.082561233	0.105596621	0.101612248	0.104677428
Synechococcales_unclassified	0.003187251	0.007754944	0.09528939	0.057395397	0.069927014	0.066863543	0.006477103	0.019834383	0.002986233	0.006342361	0	0	0	0	0.007778066	0	0	0	0.029211295	0	0.328419344	2.838671868	2.510662268	0.797587131	1.096950776	0.171183195	0.173725514	0.033867144	0.176287461	0.070906105	0.082757628	0.013760205	0	0.00677415	0.005509338
Nitrospiraceae	0	0	0	0	0	0	0	0	0.005972467	0.00317118	0.036954915	0	0	0.00409249	0.002592689	0	0.078348549	0.035666807	0.003894839	0.048590865	0	0	0	0	0	0	0	0	0	0	0.003598158	1.054949087	0.791974657	0.928058529	0.760288689
Methylomonaceae	0	0	0	0	0	0	0	0	0	0	0	0	0	0	0	0	0	0	0	0	0	0	0	0	0	0	0	0	0	0	0	0.013760205	0	0	0.005509338
Pedosphaeraceae	0	0	0	0.00573954	0.004370438	0	0.01943131	0.03471017	0.104518171	0.041225344	0.877679231	0.20376282	0.29409362	0.069572335	0.137412497	0.182964017	0.555252759	0.201031095	0.019474197	0.323939099	0.005535157	0.027471018	0.024140983	0	0.002138306	0.00580282	0	0.004838163	0	0.0037319	0	1.724612421	1.821541711	1.395474868	1.504049364
Solibacteraceae_(Subgroup_3)	0.012749004	0	0.004143017	0	0	0.011143924	0.01943131	0.019834383	0.050765969	0	0.141660508	0.074713034	0.012253901	0	0.067409904	0.004065867	0.102193759	0.048636555	0.015579357	0.14037361	0.001845052	0.020145413	0.016093989	0.006702413	0	0.00290141	0	0.004838163	0	0.0037319	0	0.027520411	0.065997888	0.02032245	0.016528015
Hyphomicrobiaceae	0.070119522	0.1240791	0.120147491	0.034437238	0.131113151	0.144871009	0.330332275	0.322308722	0.633081494	0.250523245	0.391106184	0.13584188	0.130708275	0.171884592	0.305937257	0.182964017	0.398555662	0.36963782	0.099318403	0.394125904	0.243546929	0.553083164	0.458678684	0.777479893	0.42338451	0.925549817	0.449290122	0.832164111	0.900191291	0.835945664	0.36701209	0.632969452	0.646779303	0.474190489	0.473803096
Pseudomonadaceae	0.06374502	0.178363707	1.83121349	1.262698732	0.480748219	0.317601828	0.284992551	0.178509446	0.253829844	0.250523245	0	0	0	0	0	0.004065867	0	0	0.00194742	0	0	0	0	0	0	0	0.005990535	0	0	0.0037319	0	0.307311256	0.290390707	0.155805446	0.170789488
Roseiflexaceae	0	0	0	0	0	0	0	0	0	0	0.003079576	0	0.004084634	0	0	0	0	0	0	0	0	0	0.004023497	0	0	0	0	0	0	0	0	0	0	0	0
NS11-12_marine_group	0.003187251	0.019387359	0.033144136	0	0.008740877	0.016715886	0.006477103	0.009917191	0.029862335	0	1.619857108	1.263329484	0.9966506	1.17454471	1.581540057	0.939215288	0.119226053	0.084303362	0.00194742	0.04319188	0.282293031	0.234419354	0.221292347	0.154155496	0.05345764	0.162478965	0.089858024	0.072572451	0.022504782	0.089565607	0.100748417	0.055040822	0.065997888	0.081289798	0.077130737
Leptospiraceae	0	0	0	0	0	0	0.006477103	0	0	0	0.033875339	0.027168376	0.004084634	0.036832413	0.010370754	0.008131734	0	0	0	0	0.0738021	0.01465121	0.008046994	0.013404826	0.044904418	0.063831022	0.005990535	0	0.007501594	0	0.035981577	0.004586735	0.013199578	0.027096599	0.027546692
Pseudonocardiaceae	0	0	0	0	0	0	0	0	0	0	0	0	0	0	0	0	0	0	0	0	0	0	0	0	0	0	0	0	0	0	0	0.00917347	0.013199578	0	0
Nostocales_unclassified	0.003187251	0.007754944	0.074574305	0.103311714	0.039333945	0.1170112	0.077725241	0.109089106	0.053752202	0.085621868	0.080068983	0.040752564	0.049015603	0.061387354	0.152968628	0.154502948	0.030658128	0.113485296	0.00194742	0.07558579	0.057196627	0.095232863	0.064375956	0.020107239	0.128298336	0.034816921	0.005990535	0	0.041258767	0.007463801	0.093552101	0.096321438	0.092397043	0.02032245	1.696876205
Blastocatellaceae	0	0.003877472	0.004143017	0	0.192299288	0.345461637	0.148973379	0.089254723	0.206050109	0.025369443	0.083148559	0.13584188	0.355363124	0.049109883	0.334456832	0.150437081	0.163510015	0.15239454	0	0.091782745	0.003690105	0.020145413	0.004023497	0	0.002138306	0.00290141	0	0.019352654	0.003750797	0.048514704	0	0.032107146	0.039598733	0.0135483	0.016528015
Beijerinckiaceae	0.647011952	0.643660333	0.174006712	0.206623429	0.139854027	0.072435505	0.103633655	0.13884068	0.08660077	0.072937147	0.237127371	0.06792094	0.053100237	0.13914467	0.127041742	0.048790405	0.027251669	0.428001686	0.225900682	0.037792895	0.230631561	0.115378276	0.120704917	0.147453083	0.205277338	0.147971914	0.347451027	0.270937152	0.348824125	0.246305419	0.187104203	0.032107146	0.013199578	0.00677415	0.022037353
Haliangiaceae	0	0	0	0	0	0.005571962	0	0	0	0	0.018477458	0.020376282	0.004084634	0.00409249	0	0	0.027251669	0.042151681	0	0.01079797	0	0.001831401	0.012070492	0	0	0	0	0	0	0.007463801	0	0.123841849	0.118796199	0.081289798	0.110186767
SBR1031_unclassified	0	0	0	0	0	0	0	0	0.002986233	0.006342361	0	0	0.016338534	0	0	0	0	0.006484874	0	0	0	0	0	0	0	0	0	0	0	0	0	0	0	0	0
Methylophilaceae	0	0	0	0	0.008740877	0.011143924	0.01943131	0	0.014931167	0.006342361	0.04927322	0.03396047	0.098031207	0.024554942	0.005185377	0.056922139	0.047690421	0.029181933	0.00194742	0.07558579	0.001845052	0.007325605	0.016093989	0	0	0	0	0	0.003750797	0.0037319	0	0.339418402	0.409186906	0.237095245	0.209354856
Crocinitomicaceae	0	0.007754944	0.074574305	0.00573954	0.02622263	0.044575695	0.01943131	0.024792979	0.116463105	0.10464895	0.003079576	0.013584188	0.04493097	0.032739922	0.007778066	0	0.027251669	0.06484874	0	0.016196955	0.001845052	0	0	0	0	0	0	0	0	0	0	0.123841849	0.211193242	0.115160547	0.187317503
Rhodocyclaceae	0	0.007754944	0.008286034	0	0	0.005571962	0.006477103	0.014875787	0.14632544	0.025369443	0.751416605	0.061128846	0.020423168	0.028647432	0.082966036	0.085383208	0.432620248	0.006484874	0	0.07558579	0.003690105	0.034796623	0.028164481	0.006702413	0	0	0	0	0	0	0.014392631	0.752224567	0.910770855	0.738382333	0.473803096
Enterobacteriaceae	0	0	0.012429051	0	0	0.005571962	0	0	0	0	0	0	0	0	0	0	0	0	0	0	0	0	0.004023497	0.006702413	0	0	0	0.004838163	0	0.007463801	0	0.192642877	0.224392819	0.115160547	0.082640075
Sphingobacteriaceae	0.012749004	0.007754944	0.058002237	0	0	0.005571962	0	0.004958596	0	0.009513541	0.058511949	0.061128846	0.024507802	0.00409249	0.01814882	0.008131734	0.292955444	0.019454622	0.095423564	0.059388835	0.298898504	0.053110635	0.012070492	0.033512064	0.017106445	0.031915511	0.083867489	0.256422662	0.06376355	0.477683236	0.053972366	0.119255114	0.158394931	0.081289798	0.082640075
Methylacidiphilaceae	0.015936255	0.042652191	0	0	0.008740877	0.016715886	0.006477103	0.029751574	0.074655837	0.009513541	0	0	0	0	0	0	0	0	0	0.016196955	0.040591155	0.133692288	0.096563933	0.107238606	0.08767053	0.235014217	0.119810699	0.024190817	0.112523911	0.052246604	0.291450777	0.064214292	0.05279831	0.033870749	0.071621398
Mycobacteriaceae	0.006374502	0	0	0	0	0	0.012954207	0	0.0089587	0.00317118	0.003079576	0	0	0.00409249	0.002592689	0	0.006812917	0.016212185	0.017526777	0.016196955	0	0	0	0	0	0	0	0	0	0	0	0.651316393	0.739176346	0.582576887	0.479312435
Desulfovibrionaceae	0	0	0	0	0	0	0	0	0	0	0	0	0	0	0	0	0	0	0	0	0	0	0	0	0	0	0	0	0	0	0	0.055040822	0.026399155	0.054193199	0.060602722
Hydrogenophilaceae	0	0	0	0	0	0	0	0	0	0	0	0	0	0	0.002592689	0	0	0	0	0	0	0	0.004023497	0	0	0	0	0	0	0	0	0.055040822	0.039598733	0.067741498	0.049584045
OM190_fa	0	0.003877472	0.008286034	0	0	0.016715886	0.038862621	0.024792979	0.15528414	0.028540623	0.699063809	0.461862392	0.236908749	0.020462451	0.13222712	0.056922139	0.827769451	0.298304205	0.017526777	0.518302559	0.035055997	0.41023387	0.088516939	0.04691689	0.004276611	0.017408461	0.02396214	0.091925105	0.003750797	0.179131214	0.043177893	0.431153105	0.739176346	0.528383688	0.446256405
Rhodanobacteraceae	0	0	0	0	0	0.027859809	0.006477103	0.019834383	0.032848568	0.015855902	0.064671101	0.196970726	0.134792909	0.102312257	0.207415089	0.048790405	0.347458782	0.038909244	0.009737098	0.04319188	0.112548202	0.199622731	0.229339342	0.214477212	0.027797973	0.147971914	0.497214401	0.212879191	0.1275271	0.26496492	0.104346575	0.064214292	0.197993664	0.040644899	0.038565368
Omnitrophicaeota_fa	0	0	0	0	0	0	0	0	0	0	0	0	0	0	0.002592689	0	0.003406459	0	0	0	0	0	0	0	0	0	0	0	0	0	0	2.97679112	2.851108765	2.899336133	2.253319376
OPB56_fa	0	0.007754944	0.008286034	0	0.004370438	0.005571962	0.006477103	0.004958596	0.014931167	0.006342361	0.314116778	0.020376282	0.036761702	0.024554942	0.119263676	0.028461069	0.013625835	0.003242437	0.00194742	0	0.389306076	0.208779737	0.185080872	0.180965147	0.038489501	0.258225498	0.053914815	0.038705307	0.056261956	0.078369906	0.075561313	0.022933676	0	0.0135483	0.022037353
Gloeocapsaceae	0.219920319	0.527336177	0.161577661	0.034437238	0.104890521	0.044575695	0.006477103	0.009917191	0.011944934	0.006342361	0	0	0	0	0	0	0.003406459	0	0.00194742	0	0.001845052	0.001831401	0	0.006702413	0.006414917	0	0	0.004838163	0.003750797	0.052246604	0.003598158	0	0	0	0
Cellvibrionaceae	0	0	0.004143017	0	0.004370438	0	0	0	0	0.00317118	0	0	0	0	0	0	0.003406459	0	0	0	0	0	0	0	0	0	0	0	0	0	0	0.99532153	0.83157339	0.806123831	0.650101923
Rhodothermaceae	0.079681275	0.08142691	0.116004474	0.034437238	0.069927014	0.044575695	0.032385517	0.223136808	0.044793502	0.044396524	0.006159153	0	0	0.00409249	0	0	0.027251669	0.006484874	0	0.005398985	0.033210945	0.021976814	0.044258469	0.04691689	0.006414917	0.020309871	0.491223866	0.498330834	0.161284273	1.085982983	0.136729994	0.013760205	0	0	0.005509338
Trueperaceae	0.003187251	0	0	0	0	0.005571962	0	0.004958596	0.0089587	0.00317118	0	0	0	0	0	0	0.037471045	0.048636555	0.019474197	0.03239391	0.001845052	0.001831401	0	0	0.002138306	0.00290141	0	0.01451449	0	0.022391402	0	0	0	0	0
Phaselicystidaceae	0	0	0.012429051	0	0.013111315	0.005571962	0	0.049585957	0.053752202	0.019027082	0.015397881	0.020376282	0.089861939	0.00409249	0.007778066	0.008131734	0.214606895	0.012969748	0.11684518	0.016196955	0.003690105	0.03113382	0.016093989	0	0	0.00870423	0	0.004838163	0	0	0	0.050454087	0.092397043	0.02032245	0.027546692
Terrimicrobiaceae	0.012749004	0.015509888	0.012429051	0	0	0.022287848	0.032385517	0.004958596	0.092573237	0.038054164	0.458856861	0.129049786	0.077608039	0.315121752	0.549649987	0.276478959	0.054503338	0	0.095423564	0.01079797	0.625472795	0.12087248	0.116681419	0.006702413	0.072702391	0.153774735	0.01198107	0	0	0.011195701	0.028785262	0.004586735	0	0.00677415	0.022037353
Paludibacteraceae	0	0	0	0	0	0	0	0	0	0	0	0	0	0	0	0	0	0	0	0.005398985	0	0	0	0	0	0	0	0	0	0	0	0.013760205	0.013199578	0.02032245	0.005509338
Chthoniobacteraceae	0	0.023264831	0.062145254	0	0.013111315	0.011143924	0.012954207	0.064461744	0.08660077	0.085621868	0	0	0.008169267	0	0.007778066	0	0.047690421	0.009727311	0.00194742	0.080984775	0	0.003662802	0	0	0	0.020309871	0	0	0.007501594	0.014927601	0	0.00917347	0.013199578	0	0.011018677
PLTA13_fa	0	0	0	0	0	0	0	0	0.002986233	0.006342361	0.003079576	0	0.004084634	0	0	0	0.003406459	0.019454622	0	0.059388835	0	0.001831401	0	0	0	0	0	0	0	0	0	0.123841849	0.092397043	0.094838098	0.071621398
Bacteria_unclassified	0.089243028	0.089181853	0.037287153	0.022958159	0.02622263	0.055719619	0.051816828	0.024792979	0.074655837	0.050738885	0.206331609	0.230931196	0.138877543	0.376509106	0.383717915	0.235820289	0.054503338	0.197788658	0.021421616	0.18356549	0.260152401	0.067761845	0.048281967	0.147453083	0.134713253	0.461324204	0.245611933	0.454787363	0.232549417	0.205254516	0.158318941	0.738464361	1.517951426	0.799349682	0.49584045
Competibacteraceae	0	0	0	0	0	0	0	0	0	0	0	0	0	0	0	0	0	0	0	0	0	0	0	0	0	0	0	0	0	0	0	0	0	0	0
Methylococcaceae	0	0	0	0	0	0	0	0	0	0	0	0	0	0	0	0	0	0	0	0	0	0	0	0	0	0	0	0	0	0	0	0	0	0	0
Cyanobacteria_unclassified	1.198406375	0.538968592	0.045573186	0.063134937	0.152965342	0.367749485	0.187836	0.054544553	0	0	0	0	0	0	0	0	0	0	0	0	0.023985682	0.203285534	0.209221856	0.623324397	0.344267203	0.287239598	0.245611933	0.266098989	0.116274708	0.085833707	0.068364997	0.036693881	0.013199578	0.027096599	0.011018677
Thermoanaerobaculaceae	0	0	0	0	0	0	0	0.004958596	0.0089587	0	0.015397881	0	0.004084634	0	0.015556132	0	0	0.009727311	0	0.005398985	0	0	0	0	0	0	0	0	0	0	0	0.050454087	0.131995776	0.02032245	0.016528015
Spirochaetaceae	0	0	0	0	0	0	0	0	0	0	0	0	0	0	0	0	0	0	0	0	0	0	0	0	0	0	0	0	0	0	0	0	0	0.0135483	0.005509338
Amoebophilaceae	0	0	0	0	0.008740877	0	0.006477103	0	0.002986233	0.025369443	0.006159153	0	0.012253901	0	0	0	0.010219376	0	0	0	0.016605472	0.003662802	0.004023497	0.006702413	0	0.031915511	0.053914815	0.058057961	0.041258767	0.082101806	0.025187104	0.00917347	0	0.00677415	0
Micromonosporaceae	0	0	0	0	0	0	0	0	0	3.405847656	0	0	0	0	0	0	0	0	0	0	0	0	0	0	0	0	0	0	0	0	0	0.105494909	0.05279831	0.081289798	0.082640075
Caldilineaceae	0	0	0.004143017	0	0.02622263	0.016715886	0	0	0.002986233	0	0.003079576	0	0	0	0	0	0.010219376	0.006484874	0.126582278	0.059388835	0	0.027471018	0.024140983	0	0	0	0	0	0	0	0.003598158	0.068801027	0.079197466	0.033870749	0.03305603
Halieaceae	0	0.003877472	0	0	0	0	0	0	0	0	0.015397881	0	0	0	0	0	0.003406459	0	0	0.01079797	0	0	0	0	0	0	0	0	0	0	0	0.018346941	0.013199578	0.0135483	0.005509338
CCM19a_fa	0.006374502	0	0	0	0	0	0	0	0.002986233	0	0.178615423	0.03396047	0	0.012277471	0.005185377	0	0.027251669	0.025939496	0	0.113378685	0.001845052	0.005494204	0.004023497	0.006702413	0.002138306	0.00870423	0	0.009676327	0	0.018659501	0.003598158	0.036693881	0.092397043	0.060967349	0.049584045
Deinococcaceae	0	0.003877472	0.248581017	0.022958159	0.131113151	0.094723352	0.356240689	0.292557148	0.197091409	0.107820131	0.166297118	0.27168376	0.118454375	0.024554942	0.041483018	0.130107745	0.456465459	0.149152103	0.068159688	0.026994925	0.298898504	0.234419354	0.233362839	0.080428954	0.008553222	0.01160564	0.017971605	0.009676327	0.015003188	0.111957009	0.003598158	0	0.013199578	0	0.011018677
WPS-2_fa	0	0.003877472	0	0	0	0	0	0	0	0	0.006159153	0	0	0.00409249	0	0	0	0.006484874	0	0.016196955	0.001845052	0.003662802	0	0	0	0	0.005990535	0	0	0	0	0.027520411	0.026399155	0.0135483	0.011018677
UBA12409	0.006374502	0.011632416	0.008286034	0	0.004370438	0	0.01943131	0.054544553	0.005972467	0.022198262	0	0.06792094	0.028592435	0.012277471	0.002592689	0.004065867	0	0	0.015579357	0.102580715	0.319194081	0.071424647	0.567313109	0.134048257	0.002138306	0	0.01198107	0.009676327	0.003750797	0.041050903	0.007196315	0.14218879	0.184794087	0.121934697	0.154261473
Nitrosomonadaceae	0	0	0	0	0.008740877	0	0	0.004958596	0.014931167	0	0.203252033	0.353188888	0.339024589	0.102312257	0.070002593	0.374059768	0.057909797	0.038909244	0	0.06478782	0.00738021	0.032965222	0.036211475	0.006702413	0.008553222	0.01160564	0	0.01451449	0	0.044782803	0.007196315	0.114668379	0.224392819	0.108386398	0.369125668
Chitinibacteraceae	0	0	0.008286034	0.011479079	0	0.027859809	0	0.004958596	0.002986233	0	0	0	0	0	0	0	0	0	0.00194742	0	0	0	0	0	0	0	0	0	0	0	0	0.454086781	0.316789863	0.318385043	0.258938901
Gemmatimonadaceae	0	0.007754944	0.012429051	0	0.004370438	0.016715886	0.006477103	0.024792979	0.101531938	0.069765967	0.585119488	0.346396794	0.212400948	0.090034786	0.15037594	0.174832283	0.381523368	0.327486139	0.00194742	0.394125904	0.001845052	0.073256048	0.048281967	0.040214477	0.017106445	0.01450705	0.005990535	0.01451449	0	0.029855202	0.003598158	0.045867352	0.05279831	0.033870749	0.038565368
Verrucomicrobiaceae	0.009561753	0.054284606	0.190578779	0	0.109260959	0.039003733	0.045339724	0.059503149	0.06868337	0.038054164	0.064671101	0.020376282	0.049015603	0.012277471	0.020741509	0.004065867	0.057909797	0.019454622	0.05647517	0.03239391	0.070111995	0.056773437	0.032187978	0	0.008553222	0.150873324	0.029952675	0.038705307	0	0.018659501	0.003598158	0.073387763	0.382787751	0.033870749	0.044074707
uncultured	0.006374502	0.007754944	0.029001119	0.011479079	0.013111315	0.016715886	0.012954207	0.06942034	0.035834802	0.009513541	0.175535846	0.040752564	0.028592435	0.261919378	0.235934664	0.239886156	0.136258346	0.051878992	0.05842259	0.06478782	0.108858097	0.06043624	0.048281967	0.254691689	0.100500364	0.133464864	0.119810699	0.30964246	0.198792243	0.287356322	0.089953944	0.408219429	0.409186906	0.480964639	0.341578976
CCD24_fa	0	0	0	0	0	0	0	0	0	0	0	0	0	0.00409249	0	0	0	0	0	0	0	0	0	0	0	0	0	0	0	0	0	0.114668379	0.118796199	0.108386398	0.121205443
Betaproteobacteriales_unclassified	0	0	0	0	0.004370438	0	0	0.039668766	0.020903634	0.012684721	0	0.03396047	0.126623642	0.024554942	0.025926886	0.032526936	0.020438752	0.025939496	0.00194742	0.01079797	0.068266942	0.084244455	0.100587431	0.040214477	0	0	0.01198107	0.067734288	0	0.164203612	0	0.160535731	0.158394931	0.189676196	0.126714782
Desulfobulbaceae	0	0.003877472	0	0	0	0	0	0	0	0	0	0	0	0	0	0	0	0	0	0	0	0	0	0	0	0	0	0	0	0	0	0.004586735	0	0.00677415	0.005509338
Desulfomicrobiaceae	0	0	0	0	0	0	0	0	0	0	0	0	0	0	0	0	0	0	0	0	0	0	0	0	0	0	0	0	0	0	0	0	0	0	0
Geminicoccaceae	0	0	0	0	0	0	0	0	0	0.00317118	0	0.013584188	0	0	0.002592689	0	0.003406459	0	0	0.005398985	0	0	0	0	0	0	0	0	0	0	0	0.00917347	0	0.00677415	0.005509338
Pla4_lineage_fa	0	0	0	0	0	0	0	0	0	0	0	0	0	0	0	0	0	0	0	0	0	0	0	0	0	0	0	0	0	0	0	0.022933676	0.013199578	0.02032245	0.005509338
Obscuribacterales_fa	0	0	0	0	0	0	0	0	0	0	0	0	0	0	0	0	0	0	0.005842259	0	0	0	0	0	0	0	0	0	0	0	0	0.004586735	0.039598733	0.00677415	0.005509338
Sneathiellaceae	0	0	0	0	0	0	0	0	0	0.009513541	0	0	0	0	0	0	0	0	0	0	0	0	0	0	0	0	0	0	0	0	0	0	0	0	0
Hyphomonadaceae	0.003187251	0	0.004143017	0.00573954	0.004370438	0.033431771	0.025908414	0.019834383	0.035834802	0.00317118	0.086228135	0.020376282	0.012253901	0.020462451	0.020741509	0.012197601	0.047690421	0.03242437	0.085686465	0.102580715	0.027675787	0.089738659	0.036211475	0.033512064	0.040627807	0.029014101	0.01198107	0.01451449	0.015003188	0.048514704	0.025187104	0.238510228	0.382787751	0.237095245	0.19833618
Proteobacteria_unclassified	0	0	0.008286034	0	0.008740877	0.027859809	0	0	0.002986233	0.00317118	0.009238729	0	0.016338534	0.024554942	0	0.012197601	0.027251669	0.006484874	0.003894839	0.04319188	0.099632835	0.157500504	0.21726885	0.113941019	0.036351195	0.00870423	0.119810699	0.048381634	0.003750797	0.119420809	0.043177893	0.288964315	0.184794087	0.338707492	0.275466916
SM2D12	0.003187251	0.003877472	0.033144136	0	0.017481753	0.011143924	0.045339724	0.019834383	0.011944934	0	0.061591525	0.03396047	0.053100237	0.057294864	0.064817215	0.065053873	0.027251669	0.029181933	0.011684518	0.026994925	0.280447979	0.219768145	0.116681419	0.207774799	0.239490228	0.638310219	0.107829629	0.208041028	0.142530288	0.220182117	0.147524467	0.385285754	0.290390707	0.392900691	0.303013608
Puniceicoccaceae	0.009561753	0.015509888	0	0	0	0	0	0.004958596	0	0	0	0	0	0	0	0	0	0	0	0	0.020295577	0.005494204	0.004023497	0.026809651	0.081255613	0.043521151	0	0.01451449	0.018753985	0.029855202	0.035981577	0.096321438	0.158394931	0.074515648	0.082640075
Leptotrichiaceae	0	0	0.004143017	0	0	0	0	0	0	0	0	0	0	0	0	0	0	0	0	0.005398985	0.042436207	0	0.004023497	0	0.002138306	0.00290141	0	0.009676327	0	0.0037319	0.003598158	0.050454087	0.065997888	0.088063948	0.049584045
Acetobacteraceae	0.108366534	0.031019775	0.008286034	0.017218619	0	0	0.012954207	0	0.005972467	0.025369443	0.129342203	0.027168376	0.004084634	0.024554942	0.033704952	0.004065867	0.034064586	0.006484874	0.007789679	0.03239391	0.031365892	0.016482611	0.040234972	0.006702413	0.029936278	0.116056403	0.041933745	0.053219798	0.075015941	0.055978504	0.061168682	0	0	0.00677415	0
Acaryochloridaceae	0	0	0	0	0	0	0	0	0.014931167	0	0	0.013584188	0	0	0	0	0.030658128	0.016212185	0	0.070186805	0.001845052	0	0	0	0	0	0	0	0	0	0	0.004586735	0.039598733	0.0135483	0.03305603
NS9_marine_group	0	0	0.020715085	0	0.004370438	0	0.012954207	0.094213319	0.023889868	0.00317118	0.030795763	0.027168376	0	0	0	0	0.197574601	0.003242437	0	0.05398985	0.132843779	0.042122228	0.088516939	0	0.006414917	0.00290141	0	0.01451449	0.007501594	0.037319003	0.021588946	0.032107146	0.05279831	0.00677415	0.03305603
Rhizobiaceae	0.015936255	0.015509888	0.029001119	0.00573954	0.034963507	0.022287848	0.045339724	0.044627362	0.062710903	0.047567705	0.02463661	0.013584188	0	0.081849806	0.015556132	0.008131734	0.010219376	0.022697059	0.148003895	0.02159594	0.00738021	0	0	0	0	0	0	0.009676327	0.003750797	0.0037319	0.017990789	0.045867352	0.05279831	0.033870749	0.011018677
01D2Z36	0	0	0	0	0	0	0	0	0	0	0	0	0	0	0	0	0	0	0	0	0	0	0	0	0	0	0	0	0	0	0	0	0	0	0
Microtrichaceae	0.015936255	0.011632416	0.070431288	0	0.061186137	0.044575695	0.038862621	0.03471017	0.011944934	0.057081246	0.160137965	0.027168376	0.008169267	0.040924903	0.09333679	0.020329335	0.102193759	0.019454622	0.025316456	0.08638376	0.003690105	0.038459425	0.016093989	0	0.004276611	0.026112691	0.005990535	0.053219798	0.011252391	0.205254516	0.017990789	0.055040822	0.05279831	0.040644899	0.044074707
Fimbriimonadaceae	0.009561753	0.007754944	0.033144136	0	0.048074822	0.044575695	0.01943131	0.019834383	0.032848568	0.031711803	0.080068983	0.061128846	0.04493097	0.073664825	0.178895515	0.097580809	0.010219376	0.022697059	0.009737098	0.005398985	0.03690105	0.051279234	0.032187978	0.013404826	0.006414917	0.01160564	0.017971605	0.043543471	0.015003188	0.104493208	0.007196315	0.041280616	0.039598733	0.02032245	0.038565368
Solimonadaceae	0	0	0	0	0	0	0	0	0	0	0	0	0	0	0.002592689	0	0	0.003242437	0	0.005398985	0	0.001831401	0	0	0	0	0	0	0	0	0	0.27520411	0.250791975	0.298062593	0.110186767
Saccharimonadales_fa	0	0.007754944	0	0	0.017481753	0	0	0.004958596	0	0.00317118	0.018477458	0	0.012253901	0.032739922	0.012963443	0	0.044283962	0	0	0.02159594	0	0	0	0	0	0	0	0	0	0	0	1.408127695	1.676346357	1.605473513	1.586689439
Calditrichaceae	0	0	0	0	0	0	0	0	0	0	0	0	0	0	0	0	0	0	0	0	0	0	0	0	0	0	0	0	0	0	0	0.013760205	0	0.00677415	0.005509338
Steroidobacteraceae	0	0.003877472	0	0	0	0	0	0	0.005972467	0	0.003079576	0	0	0	0	0	0	0	0	0.005398985	0	0	0	0	0	0	0	0	0	0	0	0.045867352	0.039598733	0.027096599	0.071621398
Anaerolineaceae	0	0	0	0	0	0	0	0	0	0.00317118	0.006159153	0	0	0	0	0	0.003406459	0.006484874	0.00194742	0.005398985	0	0	0	0	0	0	0	0	0	0	0	0.059627557	0.131995776	0.00677415	0.011018677
Devosiaceae	0.006374502	0.019387359	0.012429051	0	0.008740877	0.016715886	0.045339724	0.059503149	0.083614537	0.076108328	0.206331609	0.054336752	0.073523405	0.094127276	0.077780659	0.077251474	0.156697098	0.009727311	0.186952288	0.070186805	0.038746102	0.012819808	0	0	0.002138306	0.00870423	0	0.01451449	0	0.029855202	0.010794473	0.100908174	0.197993664	0.081289798	0.09916809
TRA3-20	0	0	0	0	0	0	0	0	0	0	0.006159153	0	0	0	0	0	0.003406459	0.006484874	0.003894839	0.005398985	0	0	0	0	0	0	0.005990535	0.004838163	0	0	0.003598158	0.055040822	0.118796199	0.115160547	0.082640075
BRC1_fa	0	0.003877472	0.004143017	0	0	0.016715886	0	0.004958596	0.017917401	0.015855902	0.09854644	0.027168376	0.057184871	0.159607121	0.370754472	0.154502948	0	0	0.003894839	0.04319188	0.064576837	0.010988407	0.016093989	0.067024129	0.134713253	0.197295886	0.04792428	0.029028981	0.041258767	0.011195701	0.053972366	0.004586735	0.013199578	0.0135483	0.022037353
Gammaproteobacteria_unclassified	0	0	0	0.017218619	0.013111315	0.005571962	0	0.019834383	0.026876101	0	0.141660508	0.054336752	0.036761702	0.036832413	0.033704952	0.020329335	0.017032293	0.016212185	0	0.059388835	0.070111995	0.073256048	0.020117486	0.073726542	0.004276611	0.01160564	0.005990535	0	0.003750797	0.022391402	0.104346575	0.288964315	0.409186906	0.406448991	0.26444824
Parvularculaceae	0	0	0	0	0	0	0	0	0	0	0	0.006792094	0	0	0	0	0	0.003242437	0	0.005398985	0	0	0	0	0	0	0	0	0	0	0	0.059627557	0.092397043	0.054193199	0.03305603
env.OPS_17	0.003187251	0	0.004143017	0	0.008740877	0.005571962	0	0.03471017	0.134380506	0.072937147	0.006159153	0	0.008169267	0.008184981	0.002592689	0.004065867	0.194168143	0.045394118	0.00194742	0.02159594	0	0	0	0	0	0	0	0	0	0.011195701	0	0.146775525	0.250791975	0.216772795	0.126714782
Sphingobacteriales_unclassified	0	0	0.008286034	0	0.034963507	0.016715886	0.01943131	0.044627362	0.065697136	0.025369443	0.015397881	0.020376282	0.383955559	0.094127276	0.13222712	0.085383208	0.078348549	0.019454622	0.009737098	0.02159594	0	0.032965222	0.028164481	0	0.002138306	0	0	0	0	0	0	0.665076598	0.699577614	0.758704783	0.517877803
Ardenticatenaceae	0	0	0	0	0	0	0	0	0	0	0	0	0	0	0	0	0.047690421	0	0	0	0	0	0	0	0	0	0	0	0	0	0	0	0	0	0
Reyranellaceae	0	0	0	0	0	0	0	0	0.005972467	0.00317118	0.015397881	0	0.008169267	0.008184981	0.012963443	0.008131734	0.010219376	0.006484874	0.019474197	0.01079797	0	0	0	0	0	0	0	0	0	0	0	0.169709201	0.211193242	0.243869394	0.170789488
RCP2-54_fa	0	0	0	0	0	0	0	0	0	0	0	0	0	0	0	0	0	0	0	0	0	0	0	0	0.002138306	0	0	0	0	0	0	0.064214292	0.039598733	0.094838098	0.022037353
Rickettsiaceae	0	0.003877472	0	0	0	0.005571962	0	0	0	0	0.003079576	0.006792094	0	0.045017393	0.015556132	0.008131734	0	0.003242437	0	0	0.005535157	0.003662802	0	0	0	0.00580282	0	0	0	0	0.007196315	0.252270434	0.27719113	0.135482997	0.148752135
Bdellovibrionaceae	0	0	0	0	0	0	0	0	0	0.00317118	0.033875339	0.047544658	0.024507802	0.016369961	0.028519575	0	0.034064586	0.019454622	0.007789679	0.026994925	0.027675787	0.020145413	0.004023497	0.006702413	0.006414917	0.00290141	0	0.004838163	0	0.0037319	0.003598158	1.114576644	0.976768743	1.104186425	0.986171561
Ignavibacteria_unclassified	0	0	0	0	0	0	0	0	0	0	0	0	0	0	0	0	0	0	0	0	0	0	0	0	0	0	0	0	0	0	0	0.004586735	0	0	0
Cyclobacteriaceae	0.458964143	0.399379604	0.070431288	0	0	0.005571962	0.012954207	0.019834383	0.065697136	0.20612672	0.058511949	0.129049786	0.008169267	0.016369961	0.020741509	0.020329335	0.006812917	0	0.005842259	0.005398985	0	0	0.004023497	0	0	0.00580282	0.041933745	0.004838163	0	0.029855202	0.021588946	0.091734703	0.105596621	0.088063948	0.071621398
Rhodospirillaceae	0	0	0	0	0	0	0	0.004958596	0.011944934	0.00317118	0.046193644	0.040752564	0.036761702	0	0.046668395	0.004065867	0.030658128	0.055121429	0	0.02159594	0.011070315	0.027471018	0.028164481	0.020107239	0	0.00580282	0	0.009676327	0	0.011195701	0	0.036693881	0.026399155	0.0135483	0.027546692
Arcobacteraceae	0.019123506	0.011632416	0.004143017	0	0	0	0	0.019834383	0	0.00317118	0	0	0	0	0	0	0	0	0	0	0	0	0	0	0	0	0	0	0	0	0	0.321071461	0.422386484	0.250643544	0.203845518
Microbacteriaceae	0	0.038774719	0	0	0.004370438	0	0.006477103	0	0.002986233	0	0	0	0	0	0.002592689	0	0	0.003242437	0.148003895	0.016196955	0.001845052	0	0	0	0	0	0	0	0	0.007463801	0.003598158	0.146775525	0.211193242	0.135482997	0.093658752
Rhizobiales_unclassified	0.140239044	0.221015898	0.099432407	0.00573954	0.017481753	0.055719619	0.071248138	0.014875787	0.020903634	0.015855902	0.015397881	0	0.032677069	0.028647432	0.033704952	0.028461069	0.006812917	0.016212185	0.013631938	0.005398985	0.123618517	0.089738659	0.07242295	0.120643432	0.124021725	0.133464864	0.119810699	0.203202864	0.251303402	0.141812211	0.086355786	0.027520411	0.026399155	0.033870749	0.011018677
KI89A_clade_fa	0	0	0	0	0.004370438	0.016715886	0	0	0.005972467	0	0.030795763	0.013584188	0	0	0	0	0.044283962	0.003242437	0	0.04319188	0.001845052	0.020145413	0.012070492	0	0	0	0	0	0	0	0	0.027520411	0.013199578	0.0135483	0.005509338
DEV007	0.003187251	0.007754944	0.033144136	0	0.008740877	0	0.006477103	0	0	0.00317118	0.003079576	0.006792094	0.004084634	0	0.002592689	0.008131734	0	0	0.005842259	0.016196955	0.053506522	0.010988407	0.016093989	0.006702413	0.004276611	0.029014101	0.01198107	0.009676327	0	0.033587103	0	0.041280616	0.05279831	0.00677415	0.038565368
Subgroup_6_unclassified	0	0	0	0	0	0	0	0	0	0	0	0	0	0	0	0	0	0.003242437	0	0	0	0	0	0	0	0	0	0	0	0	0	0.027520411	0.05279831	0.027096599	0.022037353
BIrii41	0	0	0	0	0	0	0	0	0	0	0	0	0	0	0	0	0	0	0	0	0	0	0	0	0	0	0	0	0	0	0	0.210989817	0.263991552	0.243869394	0.209354856
Polyangiaceae	0	0	0.004143017	0	0	0.005571962	0	0	0.011944934	0.006342361	0	0	0.061269504	0	0	0	0.037471045	0	0	0.005398985	0	0.001831401	0	0	0	0	0	0	0	0	0	0.022933676	0.039598733	0.027096599	0.011018677
Verrucomicrobiae_unclassified	0	0	0	0	0	0	0	0	0	0.00317118	0.015397881	0	0	0	0	0	0	0	0	0	0	0	0	0	0	0	0	0	0	0	0	0.00917347	0.039598733	0.02032245	0.011018677
Cryptosporangiaceae	0	0	0	0	0	0	0	0	0	0	0	0	0	0	0	0	0	0	0	0	0	0	0	0	0	0	0	0	0	0	0	0.013760205	0.013199578	0.033870749	0.016528015
Bacteroidaceae	0	0	0	0	0	0	0	0	0	0	0	0	0	0	0	0	0	0	0	0	0	0	0	0	0	0	0	0	0	0	0	0.399045959	0.541182682	0.365804092	0.236901548
Caedibacteraceae	0.009561753	0	0.016572068	0.00573954	0.030593068	0	0	0	0	0.015855902	0.006159153	0	0	0	0	0	0	0	0	0	0.001845052	0.001831401	0.008046994	0	0	0	0.005990535	0	0.003750797	0.022391402	0.068364997	0	0	0	0
Synechococcales_Incertae_Sedis	0.003187251	0.003877472	0.008286034	0.00573954	0.034963507	0.011143924	0.168404689	0.054544553	0.050765969	0.041225344	0.015397881	0.061128846	0.24916265	0.081849806	0.095929479	0.032526936	0.119226053	0.077818488	0.037000974	0.016196955	0.08856252	0.071424647	0.016093989	0	0.010691528	0.00290141	0	0.004838163	0.007501594	0	0.003598158	0	0	0.00677415	0
uncultured_fa	0	0	0.012429051	0.00573954	0	0.005571962	0.032385517	0	0.020903634	0	0.012318305	0.013584188	0	0.00409249	0.015556132	0.008131734	0.040877504	0.03242437	0.025316456	0.04319188	0.04428126	0.047616431	0.080469944	0.006702413	0.002138306	0.01160564	0.017971605	0	0	0.0037319	0.035981577	0.270617375	0.316789863	0.291288443	0.280976255
Solirubrobacterales_unclassified	0	0	0	0	0	0	0	0	0	0	0	0	0	0	0	0	0.003406459	0	0	0	0	0	0	0	0	0	0	0	0	0	0	0.28437758	0.290390707	0.318385043	0.380144345
Prolixibacteraceae	0.006374502	0.003877472	0	0	0	0	0	0	0	0	0	0	0	0	0	0	0	0	0	0	0	0	0	0	0	0	0	0	0	0	0	0.036693881	0	0.02032245	0.016528015
KD3-93	0	0	0	0	0	0	0	0	0	0	0	0	0	0	0	0	0.010219376	0	0	0.005398985	0	0	0	0	0	0	0	0	0	0	0	0.119255114	0.184794087	0.237095245	0.203845518
Shewanellaceae	0	0.007754944	0.004143017	0	0	0	0	0.163633659	0.0089587	0.085621868	0	0	0	0	0	0	0	0	0	0	0	0	0	0	0	0	0	0	0	0	0	0.055040822	0.013199578	0.00677415	0.011018677
Nannocystaceae	0	0	0.004143017	0	0.004370438	0	0	0	0	0	0.006159153	0.013584188	0.008169267	0	0.005185377	0	0.006812917	0.003242437	0.050632911	0.02159594	0	0.071424647	0.012070492	0	0.002138306	0	0.041933745	0.048381634	0.052511159	0.007463801	0	0.018346941	0.039598733	0.027096599	0.022037353
Moraxellaceae	0.274103586	0.763861962	0.20300783	0.00573954	0.02622263	0.044575695	0	0.009917191	0.014931167	0.063423606	0	0.006792094	0.016338534	0.00409249	0	0	0	0.003242437	0.00194742	0	0	0	0	0	0	0	0	0	0	0	0	0.119255114	0.118796199	0.108386398	0.154261473
Pseudohongiellaceae	0	0	0	0	0	0	0	0	0	0	0.009238729	0	0	0	0	0	0	0.003242437	0	0	0	0	0	0	0	0	0	0	0	0	0	0.018346941	0.039598733	0.033870749	0.005509338
PeM15_fa	0	0	0	0	0	0	0	0	0	0	0	0	0	0	0	0	0	0	0	0	0	0	0	0	0	0	0	0	0	0	0	0.00917347	0	0.00677415	0.005509338
B1-7BS	0	0.007754944	0	0	0	0	0.006477103	0	0	0	0	0	0	0	0	0	0	0.003242437	0	0	0	0	0	0	0	0	0.005990535	0	0	0	0	0.013760205	0	0.02032245	0.011018677
Bacteroidetes_vadinHA17	0	0	0	0	0	0	0	0	0	0	0	0	0	0	0	0	0	0	0	0	0	0	0	0	0	0	0	0	0	0	0	0	0	0	0
Mycoplasmataceae	0	0	0	0	0	0	0	0	0	0.00317118	0	0.013584188	0.028592435	0	0	0	0	0	0	0	0	0	0	0	0	0	0	0	0	0	0	0.421979635	0.488384372	0.345481642	0.336069638
Herpetosiphonaceae	0	0	0	0	0	0	0	0	0	0	0	0.006792094	0.004084634	0	0	0	0	0	0	0	0	0	0	0	0	0	0	0	0	0	0	0.022933676	0.039598733	0.0135483	0.03305603
Bradymonadales_fa	0	0	0.004143017	0	0	0	0	0.004958596	0	0.006342361	0.003079576	0	0	0	0.002592689	0	0	0	0.00194742	0	0.005535157	0.010988407	0.012070492	0.020107239	0.014968139	0.017408461	0	0.004838163	0	0.011195701	0.010794473	0.004586735	0	0.00677415	0
vadinHA49_fa	0	0	0	0	0	0	0	0	0	0.00317118	0	0	0	0	0.005185377	0	0.030658128	0.03242437	0.00194742	0	0.001845052	0.003662802	0	0	0	0	0	0.004838163	0	0	0	0.298137786	0.118796199	0.291288443	0.253429563
Hydrogenedensaceae	0	0	0	0	0	0	0	0	0	0	0.015397881	0.020376282	0	0	0	0	0.006812917	0.006484874	0	0.03239391	0	0.001831401	0	0	0	0	0	0	0	0	0	0.064214292	0.039598733	0.040644899	0.055093383
Cyanobacteriaceae	0	0	0	0	0	0	0	0	0	0	0	0	0	0	0	0	0	0	0	0	0	0	0	0	0.025659667	0	0	0	0.007501594	0	0.003598158	0.00917347	0	0	0.022037353
Micavibrionaceae	0	0	0	0	0.004370438	0.005571962	0	0	0.005972467	0	0	0	0	0.00409249	0.002592689	0.004065867	0	0.006484874	0.003894839	0	0.071957047	0.025639617	0.024140983	0.033512064	0.036351195	0.116056403	0.005990535	0.024190817	0.011252391	0.014927601	0.021588946	0.073387763	0.092397043	0.121934697	0.055093383
Babeliales_fa	0	0	0	0	0	0	0	0	0	0	0.009238729	0	0	0	0	0	0	0	0	0	0	0.009157006	0	0	0	0	0	0	0	0	0	0.160535731	0.118796199	0.196450345	0.104677428
Sericytochromatia_fa	0	0.003877472	0	0	0.004370438	0	0	0.004958596	0	0	0	0	0	0	0	0	0	0	0	0	0.012915367	0	0.004023497	0	0	0.00290141	0	0	0	0	0	0.022933676	0	0.0135483	0
Gallionellaceae	0	0	0	0	0	0	0	0	0.002986233	0.00317118	0	0	0	0	0	0	0	0.006484874	0.00194742	0	0	0	0	0	0	0	0	0	0	0	0	0.353178607	0.263991552	0.223546945	0.214864195
TK10_fa	0	0	0	0	0	0	0	0	0	0	0	0	0	0	0	0	0	0	0	0	0	0	0	0	0	0	0	0	0	0	0	0	0.013199578	0	0.011018677
Gracilibacteria_unclassified	0	0	0	0	0	0	0	0	0	0	0	0	0	0	0	0	0	0	0.00194742	0	0	0	0	0.006702413	0.002138306	0	0	0	0	0	0	0.018346941	0.026399155	0.02032245	0.022037353
C2U	0.006374502	0	0.024858102	0.028697698	0.004370438	0.005571962	0.012954207	0.029751574	0.032848568	0.00317118	0.036954915	0.074713034	0.012253901	0.020462451	0.015556132	0.012197601	0.034064586	0.03242437	0.046738072	0.02159594	0.070111995	0.076918851	0.064375956	0.026809651	0.012829834	0.020309871	0.029952675	0.038705307	0.045009565	0.014927601	0.017990789	0	0	0	0
Sporichthyaceae	0	0	0	0	0	0	0	0	0	0	0	0	0	0	0	0	0	0	0	0	0	0	0	0	0	0	0	0	0	0	0	0.00917347	0.013199578	0.0135483	0.005509338
Legionellaceae	0.025498008	0.011632416	0.045573186	0.051655857	0.013111315	0.011143924	0.032385517	0.13884068	0.023889868	0.028540623	0.120103474	0	0.077608039	0.098219767	0.044075707	0.056922139	0.05109688	0.103757985	0.031158715	0.026994925	0.062731785	0.078750252	0.024140983	0.053619303	0.012829834	0.052225382	0.01198107	0.01451449	0.018753985	0.033587103	0.169113414	0.119255114	0.171594509	0.101612248	0.187317503
R7C24_fa	0	0	0	0	0	0	0	0	0	0	0	0	0.004084634	0	0	0	0	0	0	0	0	0	0	0	0	0	0	0	0	0	0	0.298137786	0.316789863	0.264191844	0.291994931
Planococcaceae	0.066932271	0.814269097	0.037287153	0.00573954	0.013111315	0	0	0	0	0	0	0	0	0	0	0	0	0	0	0	0	0	0	0	0	0	0	0	0	0	0	0	0	0	0.005509338
KD4-96_fa	0	0	0	0	0	0	0	0.004958596	0	0	0	0	0	0	0	0	0	0	0	0	0	0	0	0	0	0	0	0	0	0	0	0.068801027	0.131995776	0.054193199	0.049584045
Rhizobiales_Incertae_Sedis	0	0	0.004143017	0	0	0	0	0	0.002986233	0.00317118	0.027716186	0.040752564	0.016338534	0.012277471	0.023334198	0.024395202	0.030658128	0.022697059	0.190847128	0.02159594	0	0.001831401	0	0	0	0.00290141	0	0.004838163	0.003750797	0.011195701	0	0.073387763	0.039598733	0.047419049	0.154261473
11-24_fa	0	0	0	0	0	0	0	0.004958596	0	0	0.021557034	0	0	0	0	0	0.037471045	0.022697059	0	0.005398985	0	0.001831401	0	0	0	0	0	0	0	0	0	0.059627557	0.079197466	0.0135483	0.03305603
Diplorickettsiaceae	0	0	0.008286034	0.045916318	0	0	0.084202345	0	0.047779735	0.022198262	0.018477458	0.074713034	0	0.036832413	0.067409904	0.012197601	0.006812917	0	0	0.048590865	0.011070315	0.012819808	0.012070492	0	0	0	0	0	0	0	0	0.137602055	0.197993664	0.162579596	0.187317503
Desulfobacteraceae	0	0	0	0	0	0	0	0	0	0	0	0	0	0	0	0	0	0	0	0	0	0	0	0	0	0	0	0	0	0	0	0	0	0	0
Caulobacteraceae	0.003187251	0	0.024858102	0	0	0	0.006477103	0.004958596	0.002986233	0	0.006159153	0.006792094	0	0.00409249	0.002592689	0	0	0	0	0	0	0	0	0.006702413	0	0	0	0.004838163	0	0	0	0.027520411	0.013199578	0.033870749	0.005509338
Pla3_lineage_fa	0	0	0	0	0	0	0	0	0	0	0	0	0	0	0	0	0	0	0.00194742	0	0	0	0	0	0	0	0	0	0	0	0	0.123841849	0.131995776	0.101612248	0.110186767
bacteriap25	0	0	0	0	0	0	0	0	0	0	0	0	0	0	0	0	0	0	0	0	0	0	0	0	0.002138306	0	0	0	0	0	0	0.100908174	0.118796199	0.067741498	0.049584045
Holophagaceae	0	0	0	0	0	0	0	0	0	0	0	0	0	0	0	0	0	0	0	0	0	0	0	0	0	0	0	0	0	0	0	0	0	0	0
OLB14_fa	0	0	0	0	0	0	0	0	0	0	0	0	0	0	0	0	0	0	0	0	0	0	0	0	0	0	0	0	0	0	0	0.045867352	0.065997888	0.054193199	0.03305603
Rokubacteriales_fa	0	0	0	0	0	0	0	0	0	0	0	0	0	0	0	0	0	0	0	0	0	0	0	0	0	0	0	0	0.003750797	0	0	0.114668379	0.026399155	0.088063948	0.06611206
Xanthobacteraceae	0	0	0	0	0.008740877	0	0	0	0.011944934	0.019027082	0.015397881	0.013584188	0.065354138	0.008184981	0.010370754	0.008131734	0.003406459	0	0.048685492	0	0	0.001831401	0	0.006702413	0	0.00290141	0	0	0	0	0	0.155948996	0.145195354	0.135482997	0.110186767
Bernardetiaceae	0.038247012	0.108569213	0.339727389	0.00573954	0	0.011143924	0	0	0	0.006342361	0	0	0	0	0	0	0	0	0	0.005398985	0	0	0	0	0	0	0	0	0	0	0	0.022933676	0.026399155	0.0135483	0.005509338
Alphaproteobacteria_unclassified	0.006374502	0.007754944	0.004143017	0	0.008740877	0.011143924	0	0.004958596	0	0.00317118	0.040034491	0.020376282	0.004084634	0.012277471	0.015556132	0.008131734	0.013625835	0	0	0.01079797	0.086717467	0.241744959	0.112657922	0.060321716	0.044904418	0.142169094	0.029952675	0.038705307	0.011252391	0.055978504	0.046776051	0.220163288	0.224392819	0.298062593	0.192826841
Subgroup_2_fa	0	0	0	0	0	0	0	0	0	0	0	0	0	0	0	0	0	0	0	0	0	0	0	0	0	0	0	0	0	0	0	0.00917347	0.013199578	0	0.011018677
A0839	0	0	0	0	0	0	0	0	0	0	0.006159153	0.013584188	0.008169267	0	0.002592689	0.004065867	0.003406459	0.009727311	0	0.016196955	0	0	0	0	0	0	0	0	0	0	0	0.119255114	0.079197466	0.108386398	0.060602722
Deltaproteobacteria_unclassified	0	0	0	0	0	0	0	0	0	0	0.009238729	0.061128846	0	0.00409249	0.012963443	0	0.003406459	0.006484874	0	0	0.005535157	0.005494204	0.004023497	0	0	0.00290141	0	0	0	0	0	0.165122466	0.145195354	0.149031297	0.203845518
0319-6G20	0	0	0	0	0	0	0	0	0.005972467	0	0.003079576	0	0	0.008184981	0.015556132	0.004065867	0.006812917	0.048636555	0.00194742	0	0	0.003662802	0	0	0	0	0	0	0	0	0	0.192642877	0.171594509	0.230321095	0.115696105
Blastocatellia_(Subgroup_4)_unclassified	0	0	0	0	0	0	0	0	0	0	0	0	0	0	0	0	0	0	0	0	0	0	0	0	0	0	0	0	0	0	0	0.004586735	0.013199578	0	0
WD2101_soil_group	0	0	0	0	0.008740877	0	0	0.004958596	0.026876101	0.006342361	0	0.013584188	0	0	0.002592689	0	0	0	0.044790652	0.005398985	0.001845052	0.001831401	0	0	0	0	0	0	0	0	0	0	0	0	0
Marinomonadaceae	0	0	0	0	0	0	0	0	0	0	0	0	0	0	0	0	0	0	0	0	0	0	0	0	0	0	0	0	0	0	0	0	0.026399155	0	0
Porticoccaceae	0	0	0	0	0	0	0	0	0	0	0	0	0	0	0	0	0	0	0	0	0	0	0	0	0	0	0	0	0	0	0	0.032107146	0.013199578	0.0135483	0.011018677
Candidatus_Magasanikbacteria_fa	0	0	0	0	0	0	0	0	0	0	0	0	0	0	0	0	0	0	0	0	0	0	0	0	0	0	0	0	0	0	0	0.077974498	0.039598733	0.040644899	0.049584045
Verrucomicrobiales_unclassified	0	0	0	0	0	0.005571962	0	0	0.002986233	0.006342361	0	0	0	0.016369961	0.007778066	0.012197601	0.020438752	0.042151681	0	0.03239391	0.049816417	0.12087248	0.092540436	0.026809651	0	0	0	0.019352654	0	0.022391402	0	0	0	0.027096599	0.005509338
67-14	0	0	0	0	0	0	0	0	0	0	0	0	0	0	0	0	0	0	0.00194742	0	0	0	0	0	0	0	0	0.004838163	0	0.0037319	0	0.055040822	0.013199578	0.027096599	0.027546692
Rickettsiales_unclassified	0.003187251	0.007754944	0	0	0.008740877	0.005571962	0	0.004958596	0	0	0	0	0	0	0.005185377	0	0	0	0.009737098	0	0	0.003662802	0.004023497	0	0	0.01450705	0.005990535	0.004838163	0.003750797	0.0037319	0	0.00917347	0.013199578	0	0.005509338
Chitinophagales_unclassified	0	0	0	0	0	0	0	0	0	0	0	0	0	0	0	0	0	0	0	0	0	0	0	0	0	0	0	0	0	0	0	0	0	0.0135483	0
Thermoleophilia_unclassified	0	0	0	0	0	0	0	0	0	0	0	0	0	0	0	0	0	0.006484874	0	0	0	0	0	0	0	0	0	0	0	0	0	0.165122466	0.145195354	0.196450345	0.176298827
Babeliales_unclassified	0.003187251	0.073671966	0.041430169	0	0	0	0	0	0	0	0.009238729	0.230931196	0.208316314	0	0	0	0.238452105	0.006484874	0	0	0	0	0	0	0	0	0	0	0	0	0	0.238510228	0.211193242	0.304836743	0.209354856
Spongiibacteraceae	0	0	0	0	0	0	0	0	0	0	0	0	0	0	0	0.004065867	0	0	0	0	0	0	0	0	0	0	0	0	0	0	0	0.022933676	0.026399155	0.054193199	0.038565368
PHOS-HE36	0	0	0	0	0	0	0	0	0	0	0	0.006792094	0	0	0	0	0	0	0	0	0	0	0	0	0	0	0	0	0	0	0	0	0	0	0
211ds20_fa	0	0	0	0	0	0	0	0	0	0	0	0	0	0	0	0	0	0	0	0	0	0	0	0	0	0	0	0	0	0	0	0.018346941	0	0.02032245	0.005509338
Woeseiaceae	0	0	0	0	0	0	0	0	0	0	0.003079576	0	0	0	0	0	0	0	0	0	0	0	0	0	0	0	0	0	0	0	0	0.032107146	0.026399155	0.02032245	0.016528015
Oleiphilaceae	0	0	0	0	0	0	0	0	0	0	0	0	0	0	0	0	0	0	0	0	0	0	0	0	0	0	0	0	0	0	0	0.252270434	0.27719113	0.311610893	0.19833618
S-70_fa	0	0	0	0	0	0	0	0	0	0	0	0	0	0	0	0	0	0	0	0	0	0	0	0	0	0	0	0	0	0	0	0	0	0	0.005509338
Kiritimatiellaceae	0	0	0	0	0	0	0	0	0	0	0	0	0	0	0	0	0	0	0	0	0	0	0	0	0	0	0	0	0	0	0	0	0	0	0
Rhodopirillaceae	0	0	0	0	0	0	0	0	0	0	0	0	0	0	0	0	0	0	0	0	0	0	0	0	0	0	0	0	0	0	0	0	0	0	0
Sandaracinaceae	0	0	0	0	0	0	0	0	0	0	0.012318305	0.006792094	0.004084634	0	0.005185377	0	0.003406459	0.012969748	0	0.01079797	0.001845052	0.001831401	0.004023497	0	0	0	0	0	0	0.0037319	0	0.206403082	0.211193242	0.182902046	0.088149413
Gaiellaceae	0	0	0	0	0	0	0	0	0	0	0	0	0	0	0	0	0	0	0	0	0	0	0	0	0	0	0	0	0	0	0	0.073387763	0.05279831	0.040644899	0.038565368
Bacteroidales_unclassified	0	0	0	0	0	0	0	0	0	0	0	0	0	0	0	0	0	0	0	0	0	0	0	0	0	0	0	0	0	0	0	0.027520411	0.013199578	0.0135483	0.03305603
Chitinimonadaceae	0	0	0	0	0.008740877	0.005571962	0	0	0	0.00317118	0	0	0	0	0	0	0	0	0	0	0	0	0	0	0	0	0	0	0	0	0	0.036693881	0.105596621	0.02032245	0.011018677
Lentimicrobiaceae	0	0	0	0	0	0	0	0	0	0	0	0	0	0	0	0	0	0	0	0	0	0	0	0	0	0	0	0	0	0	0	0	0	0	0
GWA2-50-13	0	0	0	0	0	0	0	0	0	0	0	0	0	0	0	0	0	0	0	0	0	0	0	0	0	0	0	0	0	0	0	0.14218879	0.118796199	0.189676196	0.110186767
Subgroup_15_fa	0	0	0	0	0	0	0	0	0	0	0	0	0	0	0	0	0	0	0	0	0	0	0	0	0	0	0	0	0	0	0	0.004586735	0	0	0
Opitutales_unclassified	0	0	0	0	0	0	0	0	0	0	0.003079576	0.006792094	0	0	0.002592689	0.004065867	0	0	0	0	0	0.003662802	0	0	0	0	0	0	0	0	0	0.032107146	0.013199578	0.0135483	0.011018677
JTB23_fa	0	0	0	0	0	0	0	0	0	0	0	0	0	0	0	0	0	0	0.00194742	0	0	0	0	0	0	0	0	0	0	0	0	0.036693881	0.105596621	0.047419049	0.027546692
Rubrobacteriaceae	0.003187251	0	0.012429051	0.00573954	0	0	0	0	0	0	0	0	0	0	0	0	0	0	0	0	0	0	0	0	0	0	0	0	0.007501594	0	0	0.004586735	0	0	0
Methyloligellaceae	0	0	0	0	0	0	0	0	0	0.00317118	0	0	0	0	0	0.004065867	0	0.003242437	0	0	0.001845052	0	0	0	0	0	0	0	0	0	0	0.100908174	0.092397043	0.067741498	0.055093383
Lineage_IV_fa	0	0	0	0	0	0	0	0	0	0	0	0	0	0	0	0	0	0.012969748	0	0	0	0	0	0	0	0	0	0	0	0	0	0.366938813	0.356388596	0.541931988	0.341578976
Vibrionaceae	0	0	0	0	0	0	0	0	0	0	0	0	0	0	0	0	0	0	0	0	0	0	0	0	0	0	0	0	0	0	0	0	0	0	0
Parachlamydiaceae	0.003187251	0.003877472	0.029001119	0	0.004370438	0.005571962	0.032385517	0.009917191	0.002986233	0.006342361	0.018477458	0	0.008169267	0.008184981	0.010370754	0.024395202	0	0.035666807	0	0.048590865	0	0.049447833	0.004023497	0.013404826	0	0	0	0	0.003750797	0	0	0.022933676	0	0.0135483	0.011018677
MBNT15_fa	0	0	0	0	0	0	0	0	0	0	0	0	0	0	0	0	0	0	0	0	0	0	0	0	0	0	0	0	0	0	0	0	0	0.02032245	0.016528015
Anaerolineae_unclassified	0	0	0	0	0	0	0	0	0	0	0	0	0	0	0	0	0	0	0	0	0	0	0	0	0	0	0	0	0	0	0	0.004586735	0.026399155	0.00677415	0.027546692
Dadabacteriales_fa	0	0	0	0	0	0	0	0	0	0	0	0	0	0	0	0	0	0	0	0	0	0	0	0	0	0	0	0	0	0	0	0	0	0	0.005509338
NB1-j_fa	0	0	0	0	0	0	0	0	0.002986233	0	0	0	0	0	0	0	0.006812917	0.003242437	0	0.005398985	0	0	0	0	0	0	0	0	0	0	0	0.087147968	0.131995776	0.121934697	0.09916809
Chlamydiales_unclassified	0	0	0.004143017	0	0	0.005571962	0	0.009917191	0	0	0	0	0.004084634	0.00409249	0	0.004065867	0	0	0.00194742	0	0	0	0	0	0.002138306	0	0.005990535	0	0.003750797	0	0.007196315	0.087147968	0.118796199	0.094838098	0.104677428
Kiritimatiellae_unclassified	0	0	0	0	0	0	0	0	0	0	0	0	0	0	0	0	0	0	0	0	0	0	0	0	0	0	0	0	0	0	0	0	0	0	0
Nocardioidaceae	0	0.003877472	0.008286034	0	0.004370438	0.005571962	0	0.004958596	0.002986233	0.009513541	0	0.006792094	0	0	0	0	0.013625835	0	0.41285297	0	0	0.001831401	0.008046994	0	0	0	0	0	0	0	0.003598158	0.068801027	0.05279831	0.054193199	0.049584045
JG36-GS-52_fa	0	0	0	0	0	0	0	0	0	0	0	0	0	0	0	0	0	0	0	0	0	0	0	0	0	0	0	0	0	0	0	0	0	0.0135483	0.011018677
Thiovulaceae	0	0	0	0	0	0	0	0	0	0	0	0	0	0	0	0	0	0	0	0	0	0	0	0	0	0	0	0	0	0	0	0.160535731	0.237592397	0.149031297	0.154261473
Solirubrobacteraceae	0	0	0	0	0	0	0	0	0	0	0	0	0	0	0	0	0.006812917	0	0	0	0	0	0	0	0	0	0	0	0	0	0	0.100908174	0.237592397	0.115160547	0.060602722
SB-5	0	0	0	0	0	0	0	0	0	0	0	0	0	0	0	0	0	0	0	0	0	0	0	0	0	0	0	0	0	0	0	0	0	0	0
JG30-KF-CM45	0	0.003877472	0	0	0	0	0	0	0	0	0	0	0	0	0	0	0	0.003242437	0.021421616	0	0	0	0	0	0	0	0	0	0	0	0	0.018346941	0.013199578	0.00677415	0
SAR324_clade(Marine_group_B)_fa	0	0	0	0	0	0	0	0	0	0	0	0	0	0	0	0	0	0	0	0	0	0	0	0	0	0	0	0	0	0.0037319	0	0.247683699	0.118796199	0.196450345	0.159770812
Rikenellaceae	0	0	0	0	0	0	0	0	0	0	0	0	0	0	0	0	0	0	0	0	0	0	0	0	0	0	0	0	0	0	0	0.183469406	0.118796199	0.264191844	0.115696105
Puniceispirillales_fa	0	0	0	0	0	0	0	0	0	0	0	0	0	0	0	0	0	0	0	0	0	0	0	0	0	0	0	0	0	0	0	0.036693881	0.039598733	0.00677415	0.03305603
BD7-11_fa	0	0	0	0	0	0	0	0	0	0	0	0	0	0	0	0	0	0	0	0	0	0	0	0	0	0	0	0	0	0	0	0.004586735	0	0	0.005509338
Lachnospiraceae	0.006374502	0	0	0	0	0	0	0	0	0.00317118	0	0	0	0	0	0	0	0	0	0	0	0	0	0	0	0	0	0	0	0	0	0.28437758	0.422386484	0.216772795	0.181808165
Tepidisphaeraceae	0.003187251	0.003877472	0.008286034	0	0.004370438	0.005571962	0.006477103	0	0.005972467	0.00317118	0	0	0	0	0.002592689	0	0	0	0.003894839	0	0.003690105	0.001831401	0.016093989	0	0.002138306	0.00870423	0	0	0	0	0.007196315	0	0	0	0
cvE6	0	0	0	0	0	0	0	0	0	0	0	0	0.012253901	0	0	0	0	0	0	0	0.005535157	0.131860887	0.112657922	0.033512064	0	0	0.04792428	0	0	0.011195701	0.014392631	0.027520411	0.013199578	0.02032245	0
Iamiaceae	0	0	0.004143017	0	0.004370438	0.005571962	0	0	0	0	0.015397881	0	0	0	0.007778066	0.004065867	0.030658128	0.003242437	0.00194742	0	0	0	0	0	0	0.00290141	0	0.01451449	0	0.026123302	0.003598158	0.110081644	0.145195354	0.081289798	0.044074707
Latescibacteria_fa	0	0	0	0	0	0	0	0	0	0	0	0	0	0	0	0	0	0	0	0	0	0	0	0	0	0	0	0	0	0	0	0.032107146	0.013199578	0.00677415	0.027546692
Nocardiaceae	0	0	0	0	0	0	0	0	0	0	0	0	0	0	0	0	0	0	0	0	0	0	0	0	0	0	0	0	0	0	0	0.004586735	0.013199578	0.00677415	0.005509338
Simkaniaceae	0	0	0	0	0.004370438	0	0	0	0	0	0.003079576	0	0.004084634	0	0.002592689	0	0	0	0	0	0.018450525	0.001831401	0.004023497	0	0	0	0	0	0	0.0037319	0	0.022933676	0	0.00677415	0.005509338
Azospirillaceae	0	0	0	0	0	0	0	0	0	0	0	0	0	0	0	0	0	0	0	0	0	0	0	0	0	0	0	0	0	0	0	0.041280616	0.039598733	0.02032245	0.011018677
Subgroup_17_fa	0	0	0	0	0	0	0	0	0	0	0	0	0	0	0	0	0	0	0	0	0	0	0	0	0	0	0	0	0	0	0	0.018346941	0.026399155	0.0135483	0
Midichloriaceae	0	0	0	0	0	0	0	0	0	0	0	0	0	0	0	0	0	0	0	0	0.075647152	0.040290827	0.020117486	0.026809651	0.004276611	0.00290141	0.005990535	0.038705307	0.003750797	0.044782803	0.007196315	0.068801027	0.013199578	0.060967349	0.060602722
Methylomirabilaceae	0	0	0	0	0	0	0	0	0	0	0	0	0	0	0	0	0	0	0	0	0	0	0	0	0	0	0	0	0	0	0	0.064214292	0.092397043	0.060967349	0.038565368
Weeksellaceae	0	0	0	0	0	0	0	0	0	0	0	0	0.004084634	0	0	0	0	0	0	0	0	0	0	0	0	0	0	0	0	0	0	0.022933676	0.05279831	0.027096599	0.022037353
Thiotrichaceae	0	0	0	0	0	0	0	0.004958596	0	0	0	0	0	0	0	0	0	0	0	0	0	0	0	0	0	0	0	0	0	0	0	0	0	0.00677415	0
Vampirovibrionales_fa	0	0	0	0	0	0	0	0	0	0	0	0	0	0	0	0	0	0	0	0	0	0	0	0	0	0	0	0	0	0	0	0.022933676	0.026399155	0.060967349	0.03305603
Coxiellaceae	0	0	0	0	0	0	0	0	0	0	0.015397881	0.027168376	0.008169267	0.012277471	0.020741509	0.028461069	0	0.016212185	0	0.005398985	0.003690105	0.001831401	0.004023497	0.006702413	0	0.00290141	0.017971605	0	0	0	0	0.050454087	0.05279831	0.047419049	0.027546692
C86_fa	0	0	0	0	0	0	0	0	0	0	0	0	0	0	0	0	0	0	0	0	0	0	0	0	0	0	0	0	0	0	0	0	0	0	0
Micropepsaceae	0	0	0	0	0	0	0	0	0.005972467	0.009513541	0.006159153	0	0	0	0	0	0.003406459	0.003242437	0	0	0	0	0	0	0	0	0	0	0	0	0	0	0	0	0
Desulfarculaceae	0	0	0	0	0	0	0	0	0	0	0	0.006792094	0	0	0	0	0.003406459	0.003242437	0	0.005398985	0	0	0	0	0	0	0	0	0	0	0	0.041280616	0.039598733	0.0135483	0.005509338
Oligoflexaceae	0	0	0.004143017	0.00573954	0.017481753	0.022287848	0	0.004958596	0	0	0.003079576	0	0	0	0	0	0.003406459	0	0	0	0.009225262	0.009157006	0	0.006702413	0.004276611	0.00290141	0	0.004838163	0	0.007463801	0.003598158	0.059627557	0.013199578	0.101612248	0.044074707
37-13	0	0	0	0	0	0	0	0	0	0	0	0	0	0	0	0	0	0	0	0	0	0	0	0	0	0	0	0	0	0	0	0	0	0	0
Omnitrophaceae	0	0	0	0	0	0	0	0	0	0	0	0	0	0	0	0	0	0	0	0	0	0	0	0	0	0	0	0	0	0	0	0.316484726	0.27719113	0.257417694	0.209354856
Campylobacterales_unclassified	0	0	0	0	0	0	0	0	0	0	0	0	0	0	0	0	0	0	0	0	0	0	0	0	0	0	0	0	0	0	0	0	0	0	0
Veillonellaceae	0	0	0	0	0	0	0	0	0	0	0	0	0	0	0	0	0	0	0	0	0	0	0	0	0	0	0	0	0	0	0	0.018346941	0	0.00677415	0
WCHB1-41_fa	0	0	0	0	0	0	0	0	0	0	0	0	0	0	0	0	0	0	0	0	0	0	0	0	0	0	0	0	0	0	0	0.064214292	0.039598733	0.047419049	0.044074707
Marinilabiliaceae	0	0	0	0	0	0	0	0	0	0	0	0	0	0	0	0	0	0	0	0	0	0	0	0	0	0	0	0	0	0	0	0	0	0	0
Sedimenticolaceae	0	0	0	0	0	0	0	0	0	0	0	0	0	0	0	0	0	0	0	0	0	0	0	0	0	0	0	0	0	0	0	0	0	0	0
LiUU-11-161	0	0	0	0	0	0	0	0	0	0	0	0	0	0	0	0	0	0	0	0	0	0	0	0	0	0	0	0	0	0	0	0.00917347	0	0	0
mle1-27	0	0	0	0	0	0	0	0	0	0	0.018477458	0	0	0	0.002592689	0	0	0	0	0.005398985	0	0	0	0	0	0	0	0	0	0	0	0.087147968	0.039598733	0.0135483	0.038565368
Ga0077536_fa	0	0	0	0	0	0	0.006477103	0	0	0.00317118	0	0.006792094	0	0	0	0	0.006812917	0	0	0	0	0.003662802	0	0	0	0	0	0	0	0.011195701	0	0	0	0	0.005509338
RBG-13-54-9_fa	0	0	0	0	0	0	0	0	0	0	0	0	0	0	0	0	0	0	0	0	0	0	0	0	0	0	0	0	0	0	0	0.013760205	0.013199578	0	0
eub62A3_fa	0	0	0	0	0	0	0	0	0	0	0	0	0	0	0	0	0	0	0	0	0	0	0	0	0	0	0	0	0	0	0	0	0	0	0
Parcubacteria_unclassified	0	0.003877472	0.020715085	0	0.02622263	0.016715886	0.012954207	0.014875787	0.029862335	0.006342361	0.003079576	0	0.036761702	0.016369961	0.007778066	0.016263468	0.023845211	0.012969748	0	0	0	0.012819808	0.008046994	0	0	0	0	0	0	0	0	0.224750023	0.197993664	0.196450345	0.209354856
Microtrichales_unclassified	0	0	0	0	0	0	0	0	0	0	0	0	0	0	0	0	0.006812917	0.003242437	0	0.005398985	0	0	0	0	0	0	0	0	0	0.0037319	0	0.013760205	0.039598733	0	0.011018677
Ruminococcaceae	0	0	0	0	0	0	0	0	0	0	0	0	0	0	0	0	0	0	0	0	0	0	0	0	0	0	0	0	0	0	0	0.165122466	0.131995776	0.121934697	0.088149413
Bacteriovoracaceae	0	0	0	0	0	0	0	0	0	0	0	0.006792094	0	0.036832413	0	0	0.010219376	0.003242437	0	0	0	0	0.004023497	0	0.008553222	0.020309871	0	0	0	0.0037319	0	0.114668379	0.131995776	0.169353746	0.09916809
PB19_fa	0	0	0	0	0	0	0	0	0	0	0.009238729	0	0	0.00409249	0.002592689	0	0	0.006484874	0	0.005398985	0	0	0.016093989	0	0	0	0	0	0	0	0	0	0.026399155	0.00677415	0
Bacteroidetes_VC2.1_Bac22_fa	0	0	0	0	0	0	0	0	0	0.00317118	0	0	0	0	0	0	0.020438752	0	0	0	0.001845052	0.016482611	0	0	0	0	0	0	0	0	0	0.036693881	0.039598733	0.067741498	0.022037353
SJA-28_fa	0	0	0	0	0	0	0	0	0	0	0	0	0	0	0	0	0	0	0	0	0	0	0	0	0	0	0	0	0	0	0	0	0	0	0
Parcubacteria_fa	0	0.003877472	0	0	0.008740877	0.022287848	0	0	0	0	0	0	0.016338534	0.00409249	0.007778066	0	0	0	0.00194742	0	0.009225262	0.01465121	0.012070492	0.04691689	0.021383056	0.055126792	0.029952675	0	0.026255579	0.007463801	0.014392631	0.022933676	0.026399155	0.033870749	0.03305603
Dongiaceae	0	0	0	0	0	0	0	0.009917191	0	0.015855902	0.018477458	0	0.004084634	0	0.002592689	0	0.006812917	0.003242437	0.00194742	0	0	0	0	0	0	0	0	0	0	0	0	0.004586735	0.013199578	0	0.016528015
Arenicellaceae	0	0	0	0	0	0	0	0	0	0	0	0	0	0	0	0	0	0	0	0	0	0	0	0	0	0	0	0	0	0	0	0	0	0	0
Caenarcaniphilales_fa	0	0	0	0	0	0.005571962	0	0	0	0	0	0	0	0	0	0	0	0	0	0	0.003690105	0	0	0	0.002138306	0.040619741	0	0	0	0	0	0.073387763	0.079197466	0.094838098	0.038565368
IMCC26256_fa	0	0	0	0	0	0	0	0	0	0	0	0	0	0	0	0	0	0	0	0	0	0	0	0	0	0	0	0	0	0	0	0.032107146	0.05279831	0.054193199	0.044074707
MB-A2-108_fa	0	0	0	0	0	0	0	0	0	0	0	0	0.004084634	0	0	0	0	0	0	0	0	0	0	0	0	0	0	0	0	0	0	0.018346941	0.013199578	0.02032245	0.005509338
Subgroup_7_fa	0	0	0	0	0	0	0	0	0	0	0	0	0	0	0	0	0	0	0	0	0	0	0	0	0	0	0	0	0	0	0	0	0	0	0
Mollicutes_unclassified	0	0	0	0	0	0	0	0	0	0	0	0	0	0	0	0	0	0	0	0	0	0	0	0	0	0	0	0	0	0	0	0.064214292	0.079197466	0.128708847	0.027546692
Planctomycetes_unclassified	0	0	0	0	0	0	0	0	0	0	0	0	0	0	0	0	0	0	0	0	0	0	0	0	0	0	0	0	0	0	0	0.027520411	0.013199578	0.033870749	0.016528015
Lineage_IIb_fa	0	0	0	0	0	0	0	0	0	0	0	0	0	0	0	0	0.003406459	0.012969748	0	0.01079797	0	0	0	0	0	0	0	0	0	0	0	0.096321438	0.065997888	0.101612248	0.077130737
Halomonadaceae	0.019123506	0.003877472	0	0	0	0	0	0	0	0	0	0	0	0.00409249	0	0	0	0	0	0	0	0	0	0	0.002138306	0	0	0	0	0	0	0.055040822	0.039598733	0.060967349	0.044074707
BSV26	0	0	0	0	0	0	0	0	0	0	0	0	0	0	0	0	0	0	0	0	0	0	0	0	0	0	0	0	0	0	0	0	0	0	0
Micavibrionales_unclassified	0	0	0	0	0	0.011143924	0	0	0	0	0	0	0	0	0	0	0	0	0	0	0.01476042	0	0	0	0.023521362	0	0	0	0	0	0	0.00917347	0.026399155	0.00677415	0.011018677
CCM11a_fa	0	0	0	0	0	0	0	0	0	0	0	0	0	0	0	0	0.003406459	0	0	0.005398985	0	0	0.004023497	0	0	0	0	0	0	0	0	0.073387763	0.05279831	0.088063948	0.049584045
Desulfuromonadaceae	0	0	0	0	0	0	0	0	0	0	0	0	0	0	0	0	0	0	0	0	0	0	0	0	0	0	0	0	0	0	0	0.00917347	0.013199578	0.02032245	0.011018677
Subgroup_22_fa	0	0	0	0	0	0	0	0	0	0	0	0	0	0	0	0	0	0	0	0	0	0	0	0	0	0	0	0	0	0	0	0.004586735	0	0	0
SS1-B-06-26	0	0	0	0	0	0	0	0	0	0	0	0	0	0	0	0	0	0	0	0	0	0	0	0	0	0	0	0	0	0	0	0.036693881	0.013199578	0.0135483	0.005509338
Ignavibacteriales_unclassified	0	0	0	0	0	0	0	0	0	0	0	0	0	0	0	0	0	0	0	0	0	0	0	0	0	0	0	0	0	0	0	0	0	0	0
Fibrobacteraceae	0	0	0	0	0	0	0	0	0	0	0	0	0	0	0	0	0	0	0	0	0	0	0	0	0	0	0	0	0	0	0	0.146775525	0.158394931	0.142257147	0.088149413
Staphylococcaceae	0	0	0	0	0	0	0.006477103	0	0	0	0	0	0	0	0	0	0	0	0.00194742	0	0	0	0	0	0	0	0	0	0	0	0	0.073387763	0.013199578	0.121934697	0
V2072-189E03_fa	0	0	0	0	0	0	0	0	0	0	0	0	0	0	0	0	0	0	0	0	0	0	0	0	0	0	0	0	0	0	0	0	0	0	0
Kineosporiaceae	0	0	0.004143017	0	0.008740877	0	0.006477103	0	0	0	0	0	0	0	0	0	0.003406459	0	0.025316456	0	0	0	0	0	0	0	0	0	0	0	0	0.00917347	0.013199578	0.00677415	0.005509338
Pleomorphomonadaceae	0	0	0	0	0	0	0	0	0	0	0	0	0	0	0	0	0	0	0.007789679	0	0	0	0.004023497	0	0	0	0	0	0	0.0037319	0	0.055040822	0.013199578	0.0135483	0.016528015
Pirellulaceae	0.003187251	0	0.004143017	0	0	0	0	0	0.002986233	0	0	0	0	0	0	0	0.013625835	0	0	0	0	0	0	0.006702413	0	0.00580282	0	0	0	0.0037319	0	0.041280616	0.039598733	0.02032245	0.027546692
Rhodomicrobiaceae	0	0	0	0	0	0	0	0	0	0.025369443	0	0	0	0	0	0	0	0	0	0	0	0	0	0	0	0	0	0	0	0	0	0	0	0	0
Oscillatoriaceae	0	0	0	0	0	0	0	0	0	0	0	0	0	0	0	0	0	0	0	0	0	0	0	0	0	0	0	0	0	0	0	0	0	0	0
Gracilibacteria_fa	0	0	0.004143017	0	0.008740877	0.011143924	0.006477103	0	0.005972467	0.00317118	0	0.006792094	0.004084634	0.00409249	0.002592689	0.004065867	0.006812917	0.012969748	0.015579357	0	0.001845052	0	0	0	0	0	0	0	0	0	0	0.050454087	0.065997888	0.074515648	0.104677428
Candidatus_Abawacabacteria_fa	0	0	0	0	0	0	0	0	0	0	0	0	0	0	0	0	0	0	0	0	0	0	0	0	0	0	0	0	0	0	0	0.018346941	0	0.0135483	0.022037353
BD2-11_terrestrial_group_fa	0	0	0	0	0	0	0	0	0	0	0	0	0	0	0	0	0	0	0	0	0	0	0	0	0	0	0	0	0	0	0	0	0	0	0
Rubinisphaeraceae	0	0	0	0	0	0	0	0	0	0	0	0	0	0	0	0	0	0	0	0	0	0	0	0	0	0	0	0	0	0	0	0	0	0	0
Entotheonellaceae	0	0	0	0	0	0	0	0	0	0	0	0	0	0	0	0	0	0	0	0	0	0	0	0	0	0	0	0	0	0	0	0	0	0	0
Subgroup_5_fa	0	0	0	0	0	0	0	0	0	0	0	0	0	0	0	0	0	0	0	0	0	0	0	0	0	0	0	0	0	0	0	0.018346941	0.013199578	0.00677415	0.011018677
Cellvibrionales_unclassified	0	0	0	0	0	0	0	0	0	0	0	0	0	0	0	0	0	0	0	0	0	0	0	0	0	0	0	0	0	0	0	0.055040822	0.026399155	0.027096599	0.03305603
Chloroflexi_unclassified	0	0	0	0	0	0	0	0	0	0	0	0	0	0	0	0	0	0	0	0	0	0	0	0	0	0	0	0	0	0	0	0.004586735	0	0	0.005509338
SC-I-84	0	0	0	0	0	0	0	0	0	0	0	0	0	0	0	0	0	0	0	0	0	0	0	0	0	0	0	0	0	0	0	0	0	0	0
JG30-KF-CM66_fa	0	0	0	0	0	0	0	0	0	0	0	0	0	0.00409249	0	0	0	0	0	0	0	0	0	0	0	0	0	0	0	0	0	0.013760205	0.026399155	0.027096599	0.016528015
Akkermansiaceae	0	0	0	0	0	0	0	0	0	0	0	0	0	0	0	0	0	0	0	0	0	0	0	0	0	0	0	0	0	0	0	0.036693881	0.079197466	0.054193199	0.038565368
EPR3968-O8a-Bc78_fa	0	0	0	0	0	0	0	0	0	0	0	0	0	0	0	0	0	0	0	0	0	0	0	0	0	0	0	0	0	0	0	0	0.013199578	0	0
Parvibaculaceae	0	0	0	0	0	0	0	0	0	0	0	0	0	0	0	0	0	0	0	0	0	0	0	0	0	0	0	0	0	0	0	0.027520411	0.079197466	0.054193199	0.03305603
Subgroup_13_fa	0	0	0	0	0	0	0	0	0	0	0	0	0	0	0	0	0	0	0	0	0	0	0	0	0	0	0	0	0	0	0	0	0	0	0
T34	0	0	0	0	0	0	0	0	0	0	0	0	0	0	0	0	0	0	0	0	0	0	0	0	0	0	0	0	0	0	0	0.041280616	0.039598733	0.027096599	0.049584045
Vermiphilaceae	0	0	0	0	0	0	0.006477103	0	0	0	0	0	0	0	0	0	0	0	0	0	0	0	0	0	0	0	0	0	0	0	0	0.055040822	0	0.060967349	0.038565368
Blfdi19	0	0	0	0	0	0	0	0	0	0	0	0	0	0	0	0	0	0	0	0	0.003690105	0	0	0.006702413	0	0	0	0	0	0	0	0.055040822	0.065997888	0.060967349	0.016528015
Zixibacteria_fa	0	0	0	0	0	0	0	0	0	0	0	0	0	0	0	0	0	0	0.00194742	0	0	0	0	0	0	0	0	0	0	0	0	0.027520411	0.039598733	0.02032245	0.011018677
Myxococcales_unclassified	0	0	0	0	0	0	0	0	0	0	0	0	0.004084634	0	0	0	0.013625835	0	0	0.01079797	0	0	0	0	0	0	0	0	0	0	0	0.050454087	0.118796199	0.094838098	0.03305603
pItb-vmat-80_fa	0	0	0	0	0	0	0	0	0	0	0	0	0	0	0	0	0	0	0	0	0	0	0	0	0	0	0	0	0	0	0	0.00917347	0.013199578	0	0
S085_fa	0	0	0	0	0	0	0	0	0	0	0	0	0	0	0	0	0	0	0	0	0	0	0	0	0	0	0	0	0	0	0	0.00917347	0.039598733	0.0135483	0.005509338
Fimbriimonadales_unclassified	0	0	0	0	0	0	0	0	0	0	0	0	0	0	0	0	0	0	0	0	0	0	0	0	0	0	0	0	0	0	0	0	0	0	0
FBP_fa	0	0	0	0	0	0	0	0	0	0	0	0	0	0	0	0	0	0	0	0	0	0	0	0	0	0	0	0	0	0	0	0	0	0	0
Subgroup_9_fa	0	0	0	0	0	0	0	0	0	0	0	0	0	0	0	0	0	0	0	0	0	0	0	0	0	0	0	0	0	0	0	0	0	0	0
Paracaedibacteraceae	0	0.003877472	0.008286034	0	0	0	0	0	0	0	0.009238729	0	0.008169267	0.008184981	0.012963443	0.036592803	0	0	0	0	0	0	0	0	0	0	0	0	0	0	0.003598158	0.041280616	0.026399155	0.054193199	0.044074707
Candidatus_Peregrinibacteria_fa	0	0	0	0	0	0	0	0	0	0	0	0	0	0	0	0	0	0	0	0	0.003690105	0.003662802	0	0	0.004276611	0	0	0	0	0	0	0.174295936	0.145195354	0.209998645	0.154261473
Chthoniobacterales_unclassified	0.003187251	0	0.008286034	0	0	0	0	0	0	0	0	0	0	0	0	0	0	0	0	0	0	0.01465121	0	0	0	0.00870423	0	0	0	0	0	0.004586735	0	0	0
Elsteraceae	0	0	0	0	0	0	0	0	0	0	0	0	0	0.00409249	0	0.012197601	0	0	0	0	0	0	0	0	0	0	0	0	0	0	0	0.022933676	0.026399155	0.00677415	0.011018677
MD2902-B12_fa	0	0	0	0	0	0	0	0	0	0	0	0	0	0	0	0	0	0	0	0	0	0	0	0	0	0	0	0	0	0	0	0	0	0	0
Tannerellaceae	0	0	0	0	0	0	0	0	0	0	0	0	0	0	0	0	0	0	0	0	0	0	0	0	0	0	0	0	0	0	0	0.059627557	0.039598733	0.047419049	0.044074707
Demequinaceae	0	0	0	0	0	0	0	0	0	0	0	0	0	0	0	0	0	0	0.00194742	0	0	0	0	0	0	0	0	0	0	0	0	0.032107146	0.039598733	0.0135483	0.027546692
Acidimicrobiia_unclassified	0	0	0	0	0	0	0	0.004958596	0.002986233	0.00317118	0	0	0	0	0	0	0.017032293	0.006484874	0	0.01079797	0	0	0	0	0	0	0	0	0	0	0	0.004586735	0.026399155	0.02032245	0.005509338
Saccharimonadaceae	0	0	0	0	0	0	0	0	0	0	0	0	0	0	0	0	0	0	0	0	0	0	0	0	0	0	0	0	0	0	0	0.041280616	0.026399155	0.02032245	0.071621398
Salinisphaerales_unclassified	0	0	0	0	0	0.005571962	0	0	0	0	0	0	0	0	0	0	0	0	0.003894839	0.01079797	0	0	0	0	0	0	0	0	0	0	0	0.055040822	0.05279831	0.00677415	0.005509338
Run-SP154_fa	0	0	0	0	0	0	0	0	0	0	0	0	0	0	0	0	0	0	0	0	0	0	0	0	0	0	0	0	0	0	0	0	0	0	0
DS-100_fa	0	0	0	0	0	0	0	0	0	0	0	0	0	0	0	0	0	0	0	0	0	0	0	0	0	0	0	0	0	0	0	0.00917347	0.013199578	0.0135483	0.005509338
Pla1_lineage_fa	0	0	0	0	0	0	0	0	0	0	0	0	0	0	0	0	0	0	0	0	0	0	0	0	0	0	0	0	0	0	0	0	0	0	0
Babeliaceae	0	0.003877472	0	0.017218619	0	0	0	0	0	0	0	0	0	0	0	0	0	0	0	0	0	0	0	0	0	0	0	0	0	0	0	0	0	0	0
Desulfuromonadales_unclassified	0	0	0	0	0	0	0	0	0	0	0	0	0	0	0	0	0	0	0	0	0	0	0	0	0	0	0	0	0	0	0	0.041280616	0.039598733	0.033870749	0.016528015
Candidatus_Peribacteria_fa	0	0	0	0	0	0	0	0	0	0	0	0	0	0	0	0	0	0	0	0	0	0	0	0	0	0	0	0	0	0	0	0.022933676	0.013199578	0.02032245	0.016528015
Geobacteraceae	0	0	0	0	0	0	0	0	0	0	0	0	0	0	0	0	0	0	0	0	0	0	0	0	0	0	0	0	0	0	0	0.064214292	0.039598733	0.02032245	0.03305603
EF100-94H03	0	0	0	0	0	0	0	0	0	0	0	0	0	0	0	0	0	0	0	0	0	0	0	0	0	0	0	0	0	0	0	0	0	0	0
UA11_fa	0	0	0	0	0	0	0	0	0	0	0	0	0	0	0	0	0	0	0	0	0	0	0	0	0	0	0	0	0	0	0	0	0	0	0
Frankiales_unclassified	0	0	0.004143017	0	0	0	0	0	0	0	0	0	0	0	0	0	0	0	0	0	0	0	0	0	0	0	0	0	0	0	0	0	0.013199578	0	0
Sulfurospirillaceae	0	0	0	0	0	0	0	0	0	0.009513541	0	0	0	0	0	0	0	0	0	0	0	0	0	0	0	0	0	0	0	0	0	0.022933676	0.013199578	0.00677415	0.011018677
Candidatus_Zambryskibacteria_fa	0	0	0	0	0	0	0	0	0	0	0	0	0	0	0	0	0	0	0	0	0	0	0	0	0	0	0	0	0	0	0	0	0	0	0
Lactobacillaceae	0	0	0	0	0	0	0	0	0	0	0	0	0	0	0	0	0	0	0	0	0	0	0	0	0	0	0	0	0	0	0	0.013760205	0.013199578	0.040644899	0.049584045
Syntrophaceae	0	0	0	0	0	0	0	0	0	0	0	0	0	0	0	0	0	0	0	0	0	0	0	0	0	0	0	0	0	0	0	0.004586735	0.013199578	0.00677415	0
Chroococcidiopsaceae	0	0	0	0	0	0	0	0	0	0	0	0	0	0	0	0	0	0	0	0	0	0	0	0	0.004276611	0	0	0	0	0	0	0	0	0	0
FCPU426_fa	0	0	0	0	0	0	0	0	0	0	0	0	0	0	0	0	0	0	0	0	0	0	0	0	0	0	0	0	0	0	0	0.004586735	0.013199578	0.0135483	0.038565368
Bacillaceae	0.003187251	0	0	0	0	0	0	0	0.002986233	0.00317118	0	0	0	0	0	0	0	0	0.00194742	0	0	0.001831401	0	0	0	0	0	0	0	0	0.003598158	0.00917347	0.013199578	0.00677415	0.005509338
P3OB-42	0	0	0	0	0	0	0	0	0	0	0	0	0	0	0	0	0	0	0	0	0.011070315	0	0	0.013404826	0.002138306	0.01160564	0	0	0	0.007463801	0.010794473	0.032107146	0.026399155	0.033870749	0.027546692
Cellulomonadaceae	0	0.003877472	0	0	0.008740877	0	0	0	0	0	0	0	0	0	0	0	0	0	0	0	0	0	0	0	0	0	0	0	0	0	0	0.00917347	0.013199578	0.00677415	0.022037353
Neisseriaceae	0	0.031019775	0.004143017	0	0	0	0	0	0	0	0.006159153	0	0	0.00409249	0.007778066	0.004065867	0	0.006484874	0	0	0	0	0	0	0	0	0	0	0.007501594	0.007463801	0.003598158	0.018346941	0.05279831	0.040644899	0.016528015
Armatimonadales_fa	0	0	0	0	0	0	0	0	0.002986233	0	0	0	0	0	0	0	0	0	0	0	0	0	0	0	0	0	0	0	0	0	0	0	0	0.00677415	0
WS2_fa	0	0	0	0	0	0	0	0	0	0	0	0	0	0	0	0	0	0	0	0	0	0	0	0	0	0	0	0	0	0	0	0	0	0	0
Nakamurellaceae	0	0	0	0	0	0	0	0	0	0	0	0	0	0	0	0	0	0	0	0	0	0	0	0	0	0	0	0	0	0	0	0	0	0	0
Entomoplasmatales_Incertae_Sedis	0	0	0	0	0	0	0	0	0	0	0	0	0	0	0	0	0	0	0	0	0	0	0	0	0	0	0	0	0	0	0	0.004586735	0.026399155	0.027096599	0.03305603
Chloracidobacteriaceae	0	0	0	0	0	0	0	0	0	0	0	0	0	0	0	0	0	0	0	0	0	0	0	0	0	0	0	0	0	0	0	0	0	0	0
KF-JG30-C25_fa	0	0	0	0	0	0	0	0	0	0	0	0	0	0	0	0	0	0	0	0	0	0	0	0	0	0	0	0	0	0	0	0	0	0	0
FFCH9454	0	0	0	0	0	0	0	0	0	0	0	0	0	0	0	0	0	0	0	0	0	0	0	0	0	0	0	0	0	0	0	0.004586735	0.039598733	0.02032245	0
Chloroflexales_unclassified	0	0	0	0	0	0	0	0	0	0	0	0	0	0	0	0	0	0	0	0	0	0	0	0	0	0	0	0	0	0	0	0	0	0	0
Helicobacteraceae	0	0	0	0	0	0	0	0	0	0	0	0	0	0	0	0	0	0	0	0	0	0	0	0	0	0	0	0	0	0	0	0	0	0	0
Candidatus_Yanofskybacteria_fa	0	0	0	0	0	0	0	0	0	0	0	0	0	0	0	0	0	0	0	0	0	0	0	0	0	0	0	0	0	0	0	0.022933676	0	0.027096599	0.055093383
Armatimonadaceae	0	0	0.004143017	0	0	0.005571962	0	0	0	0.00317118	0	0	0	0	0	0	0	0.009727311	0	0	0	0	0	0	0	0	0	0	0	0	0	0	0	0	0
Micrococcaceae	0	0	0	0	0	0	0	0	0	0	0	0	0	0	0	0	0	0	0	0	0	0	0	0	0	0	0	0	0	0	0	0.004586735	0	0.00677415	0
ABY1_unclassified	0	0	0	0	0	0	0	0	0	0	0.006159153	0	0	0	0	0	0	0	0	0	0	0	0	0	0	0	0	0	0	0	0	0.114668379	0.105596621	0.182902046	0.077130737
Anaplasmataceae	0	0	0	0	0	0	0	0	0	0	0	0	0	0	0	0	0	0	0	0	0	0	0	0	0	0	0	0	0	0	0	0	0	0	0
Fodinicurvataceae	0	0	0	0	0	0	0	0	0	0	0	0	0	0	0	0	0	0	0	0	0	0	0	0	0	0	0	0	0	0	0	0	0.013199578	0	0
Magnetospiraceae	0	0	0	0	0	0	0	0	0	0	0	0	0	0	0	0	0	0	0	0	0	0	0	0	0	0	0	0	0	0	0	0.018346941	0.026399155	0.027096599	0.022037353
Erysipelotrichaceae	0	0	0	0	0	0	0	0	0	0	0	0	0	0	0	0	0	0	0	0	0	0	0	0	0	0	0	0	0	0	0	0.041280616	0.013199578	0.040644899	0.005509338
Candidatus_Kuenenbacteria_fa	0	0	0	0	0	0	0	0	0	0	0	0	0	0	0	0	0	0	0	0	0	0	0	0	0	0	0	0	0	0	0	0.013760205	0.026399155	0.027096599	0.005509338
Verrucomicrobiales_fa	0	0	0	0	0	0	0	0	0	0	0	0	0	0	0	0	0	0	0	0	0	0	0	0	0	0	0	0	0	0	0	0.004586735	0	0.00677415	0
Acidiferrobacteraceae	0	0	0	0	0	0	0	0	0	0	0	0	0	0	0	0	0	0	0	0	0	0	0	0	0	0	0	0	0	0	0	0.00917347	0.013199578	0.040644899	0.03305603
Clostridiales_unclassified	0	0	0	0	0	0	0	0	0	0	0	0	0	0	0	0	0	0	0	0	0	0	0	0	0	0	0	0	0	0	0	0.013760205	0.013199578	0.02032245	0.005509338
Brocadiaceae	0	0	0	0	0	0	0	0	0	0	0	0	0	0	0	0	0	0	0	0	0	0	0	0	0	0	0	0	0	0	0	0.027520411	0	0.040644899	0.016528015
EC94	0	0	0	0	0.004370438	0.005571962	0.012954207	0.004958596	0	0	0	0	0.004084634	0	0	0.004065867	0	0.003242437	0	0	0	0	0	0.006702413	0	0	0.005990535	0	0	0	0.003598158	0	0	0	0
Francisellaceae	0	0	0	0	0	0	0	0	0	0	0	0	0	0	0	0	0	0	0	0	0	0	0	0	0	0	0	0	0	0	0	0	0	0	0
Flavobacteriales_unclassified	0	0	0	0	0	0	0	0	0	0	0	0	0	0	0	0	0	0	0	0	0	0	0	0	0	0	0	0	0	0	0	0.022933676	0	0	0.005509338
Cyanobiaceae	0	0	0	0	0	0	0	0	0	0	0	0	0	0	0	0	0	0	0	0	0	0	0	0	0	0	0	0	0	0	0	0.004586735	0	0.0135483	0
SAR202_clade_fa	0	0	0	0	0	0	0	0	0	0	0	0	0	0	0	0	0	0	0	0	0	0	0	0	0	0	0	0	0	0	0	0	0	0	0.011018677
Acetobacterales_unclassified	0	0	0	0	0	0	0	0	0	0	0	0	0	0	0	0	0	0	0	0	0	0	0	0	0	0	0	0	0	0	0	0	0	0	0
Ignavibacteriaceae	0	0	0	0	0	0	0	0	0	0	0	0	0	0	0	0	0	0	0	0	0	0	0	0	0	0	0	0	0	0	0	0	0	0	0
SR-FBR-L83	0	0	0	0	0	0	0	0	0	0	0	0	0	0	0	0	0	0	0	0	0	0	0	0	0	0	0	0	0	0	0	0	0	0	0
Armatimonadales_unclassified	0	0	0	0	0	0.011143924	0	0	0	0	0.003079576	0	0.004084634	0	0	0	0.013625835	0	0	0.037792895	0	0	0	0	0	0	0	0	0	0	0	0.004586735	0.013199578	0	0
Lentisphaerae_unclassified	0	0	0	0	0	0	0	0	0	0	0	0	0	0	0	0	0	0	0	0	0	0	0	0	0	0	0	0	0	0	0	0	0	0	0
mle1-8_fa	0	0	0	0	0	0	0	0	0	0	0	0	0	0	0	0	0	0	0	0	0	0	0	0	0	0	0	0	0	0	0	0.004586735	0.013199578	0	0.011018677
Latescibacteraceae	0	0	0	0	0	0	0	0	0	0	0	0	0	0	0	0	0	0	0	0	0	0	0	0	0	0	0	0	0	0	0	0	0	0	0
Candidatus_Azambacteria_fa	0	0	0	0	0	0	0	0	0	0	0	0	0	0	0	0	0	0	0	0	0	0	0	0	0	0	0	0	0	0	0	0	0	0	0
Brevinemataceae	0	0	0	0	0	0	0	0	0	0	0	0	0	0	0	0	0	0	0	0	0	0	0	0	0	0	0	0	0	0	0	0	0	0	0
Patescibacteria_unclassified	0	0	0	0	0	0	0	0	0	0	0	0	0	0	0	0	0	0	0	0	0	0	0	0	0	0	0	0	0	0	0	0.041280616	0.039598733	0.033870749	0.038565368
Propionibacteriaceae	0	0	0	0	0.004370438	0	0	0	0.002986233	0	0	0	0.004084634	0	0	0	0	0.006484874	0.00194742	0	0.001845052	0	0	0	0.002138306	0	0	0	0.022504782	0.011195701	0	0.004586735	0	0.027096599	0.016528015
Fibrobacterales_unclassified	0	0	0	0	0	0	0	0	0	0	0	0	0	0	0	0	0	0	0	0	0	0	0	0	0	0	0	0	0	0	0	0	0	0	0
Thermomicrobiales_unclassified	0	0	0	0	0	0	0	0	0	0	0	0	0	0	0	0	0.006812917	0	0.003894839	0	0	0	0	0	0	0	0	0	0	0	0	0	0	0	0
Intrasporangiaceae	0.003187251	0.003877472	0.008286034	0	0.004370438	0	0	0.004958596	0	0	0	0	0	0	0	0	0	0	0	0	0	0.003662802	0	0	0	0	0	0	0	0	0	0	0.013199578	0.00677415	0.005509338
Sulfurovaceae	0	0	0	0	0	0	0	0	0	0	0	0	0	0	0	0	0	0	0	0	0	0	0	0	0	0	0	0	0	0	0	0.004586735	0.013199578	0.0135483	0.016528015
Chitinivibrionaceae	0	0	0	0	0	0	0	0	0	0	0	0	0	0	0	0	0	0	0	0	0	0	0	0	0	0	0	0	0	0	0	0.018346941	0.013199578	0.0135483	0.022037353
Wohlfahrtiimonadaceae	0	0	0	0	0	0	0	0	0	0	0	0	0	0	0	0	0	0	0	0	0	0	0	0	0	0	0	0	0	0	0	0	0	0	0
Acidaminococcaceae	0	0	0	0	0	0	0	0	0	0	0	0	0	0	0	0	0	0	0	0	0	0	0	0	0	0	0	0	0	0	0	0.013760205	0.013199578	0.02032245	0.016528015
AncK6_fa	0	0	0	0	0	0	0	0	0	0	0	0	0	0	0	0	0	0	0	0	0	0	0	0	0	0	0	0	0	0	0	0	0	0	0
KD1-131	0	0	0	0	0	0	0	0	0	0	0	0	0	0	0	0	0	0	0	0	0	0	0	0	0	0	0	0	0	0	0	0	0	0	0
Nitrosococcaceae	0	0	0	0	0	0	0	0	0	0	0	0	0	0	0	0	0	0	0	0	0.001845052	0	0	0	0.01924475	0	0.005990535	0.019352654	0.003750797	0.011195701	0	0.004586735	0	0	0
PRD18C08	0	0	0	0	0	0	0	0	0	0	0	0	0	0	0	0	0	0	0	0	0	0	0	0	0	0	0	0	0	0	0	0	0	0.027096599	0.011018677
Eubacteriaceae	0	0	0	0	0	0	0	0	0	0	0	0	0	0	0	0	0	0	0	0	0	0	0	0	0	0	0	0	0	0	0	0	0	0	0
Amb-16S-1323	0	0	0	0	0	0	0	0	0	0	0	0	0	0	0	0	0	0	0	0	0	0	0	0	0	0	0	0	0	0	0	0.018346941	0	0.00677415	0.005509338
Arctic95B-14	0	0	0	0	0	0	0	0	0	0	0	0	0	0	0	0	0	0	0	0	0	0	0	0	0	0	0	0	0	0	0	0.004586735	0	0	0.016528015
Subgroup_25_fa	0	0	0	0	0	0	0	0	0	0	0	0	0	0	0	0	0	0	0	0	0	0	0	0	0	0	0	0	0	0	0	0	0	0	0
T2WK15B57_fa	0	0	0	0	0	0	0	0	0	0	0	0	0	0	0	0	0	0	0	0	0	0	0	0	0	0	0	0	0	0	0	0	0.026399155	0.027096599	0.005509338
Lineage_IIa_fa	0	0	0	0	0	0	0	0	0	0	0	0	0	0	0	0	0	0	0	0	0	0	0	0	0	0	0	0	0	0	0	0.032107146	0.013199578	0.027096599	0.016528015
OC31_fa	0	0	0	0	0	0	0	0	0	0	0	0	0	0	0	0	0	0	0	0	0	0	0	0	0	0	0	0	0	0	0	0	0	0	0
Sva0485_fa	0	0	0	0	0	0	0	0	0	0	0	0	0	0	0	0	0	0	0	0	0	0	0	0	0	0	0	0	0	0	0	0	0	0	0
4-29-1_fa	0	0	0	0	0	0	0	0	0	0	0	0	0	0	0	0	0	0	0	0	0	0	0	0	0	0	0	0	0	0	0	0.004586735	0.013199578	0.033870749	0.005509338
Isosphaeraceae	0	0	0	0	0	0	0	0	0	0	0	0	0	0	0	0	0	0	0	0	0	0	0	0	0	0	0	0	0	0.011195701	0	0	0	0	0
Hahellaceae	0	0	0	0	0	0	0	0	0	0	0	0	0	0	0	0	0	0	0	0	0	0	0	0	0	0	0	0	0	0	0	0.00917347	0	0.00677415	0.005509338
Omnitrophia_fa	0	0	0	0	0	0	0	0	0	0	0	0	0	0	0	0	0	0	0	0	0	0	0	0	0	0	0	0	0	0	0	0.036693881	0.013199578	0.00677415	0.022037353
Muribaculaceae	0	0	0	0	0	0	0	0	0	0	0	0	0	0	0	0	0	0	0	0	0	0	0	0	0	0	0	0	0	0	0	0	0	0	0
Christensenellaceae	0	0	0	0	0	0	0	0	0	0	0	0	0	0	0	0	0	0	0	0	0	0	0	0	0	0	0	0	0	0	0	0.096321438	0.039598733	0.033870749	0.011018677
Paenibacillaceae	0	0	0	0	0	0	0	0	0	0	0	0	0	0	0	0	0	0	0	0	0	0	0	0	0	0	0	0	0	0	0	0.00917347	0.039598733	0	0.011018677
Dysgonomonadaceae	0	0	0	0	0	0	0	0	0	0	0	0	0	0	0	0	0	0	0	0	0	0	0	0	0	0	0	0	0	0	0	0.027520411	0.065997888	0.00677415	0.022037353
Family_XIII	0	0	0	0	0	0	0	0	0	0	0	0	0	0	0	0	0	0	0	0	0	0	0	0	0	0	0	0	0	0	0	0.00917347	0	0	0.005509338
Actinobacteria_unclassified	0.003187251	0.007754944	0.004143017	0	0	0	0	0	0	0.006342361	0	0	0	0	0	0	0	0	0	0	0	0	0.004023497	0	0	0	0	0	0	0.0037319	0	0.013760205	0.013199578	0.00677415	0.011018677
Bacillales_unclassified	0	0	0	0	0	0	0	0	0	0	0	0	0	0	0	0	0	0	0	0	0	0	0	0	0	0	0	0	0	0	0	0	0	0.00677415	0.005509338
NRL2_fa	0	0	0	0	0	0	0	0	0	0	0	0	0	0	0	0	0	0	0	0	0	0	0	0	0	0	0	0	0	0	0	0.027520411	0.013199578	0	0.011018677
Family_XI	0	0	0	0	0	0	0	0	0	0	0	0	0	0	0	0	0	0	0	0	0	0	0	0	0	0	0	0	0	0	0	0	0	0	0
Actinomycetaceae	0	0	0	0	0	0	0	0	0	0	0	0	0	0	0	0	0	0	0	0	0	0	0	0	0	0	0	0	0	0	0	0	0	0	0
Peptococcaceae	0	0	0	0	0	0	0	0	0	0	0	0	0	0	0	0	0	0	0	0	0	0	0	0	0	0	0	0	0	0	0	0.013760205	0	0	0.011018677
Holosporaceae	0	0	0	0	0	0	0	0	0	0	0.003079576	0.006792094	0.004084634	0.00409249	0.007778066	0	0	0	0	0	0.001845052	0	0	0	0	0.00290141	0	0	0	0	0.003598158	0.032107146	0.039598733	0.00677415	0.011018677
Acidobacteriia_unclassified	0	0	0	0	0	0	0	0	0	0	0	0	0	0	0	0	0	0	0	0	0	0	0	0	0	0	0	0	0	0	0	0	0	0	0
Gaiellales_unclassified	0	0	0	0	0	0	0	0	0	0	0	0	0	0	0	0	0	0	0	0	0	0	0	0	0	0	0	0	0	0	0	0.004586735	0	0	0.005509338
SS1-B-02-17_fa	0	0	0	0	0	0	0	0	0	0	0	0	0	0	0	0	0	0	0	0	0	0	0	0	0	0	0	0	0	0	0	0	0	0	0
Coleofasciculaceae	0	0	0	0	0	0	0	0	0	0	0	0	0	0	0	0	0	0	0	0	0	0	0	0	0	0	0	0	0	0	0	0	0	0	0
Spirochaetes_unclassified	0	0	0	0	0	0	0	0	0	0	0	0	0	0	0	0	0	0	0	0	0	0	0	0	0	0	0	0	0	0	0	0	0	0	0
Piscirickettsiaceae	0	0	0	0	0	0	0	0	0	0	0	0	0	0	0	0	0	0	0	0	0	0	0	0	0	0	0	0	0	0	0	0	0	0	0
AT-s3-28_fa	0	0	0	0	0	0	0	0	0	0	0	0	0	0	0	0	0	0	0	0	0	0	0	0	0	0	0	0	0	0	0	0	0	0	0
Sulfuricellaceae	0	0	0	0	0	0	0	0	0	0	0	0	0	0	0	0	0	0	0	0	0	0	0	0	0	0	0	0	0	0	0	0.018346941	0	0.0135483	0.011018677
Nitrospinaceae	0	0	0	0	0	0	0	0	0	0	0	0	0	0	0	0	0	0	0	0	0	0	0	0	0	0	0	0	0	0	0	0.018346941	0.013199578	0	0.011018677
Margulisbacteria_fa	0	0	0	0	0	0	0	0	0	0	0	0	0	0	0	0	0	0	0	0	0	0	0	0	0	0	0	0	0	0	0	0.018346941	0.026399155	0.040644899	0.022037353
WS4_fa	0	0	0	0	0	0	0	0	0	0	0	0	0	0	0	0	0	0	0	0	0	0	0	0	0	0	0	0	0	0	0	0	0	0	0
KD3-10	0	0	0	0	0	0	0	0	0	0	0	0	0	0	0	0	0	0	0	0	0	0	0	0	0	0	0	0	0	0	0	0	0	0	0
Acanthopleuribacteraceae	0	0	0	0	0	0	0	0	0	0	0	0	0	0	0	0	0	0	0	0	0	0	0	0	0	0	0	0	0	0	0	0	0	0	0
PAUC34f_fa	0	0	0	0	0	0	0	0	0	0	0	0	0	0	0	0	0	0	0	0	0	0	0	0	0	0	0	0	0	0	0	0.004586735	0.013199578	0.0135483	0
Phycisphaerae_unclassified	0	0	0	0	0	0	0	0	0	0	0	0	0	0	0	0	0	0	0	0	0	0	0	0	0	0	0	0	0	0	0	0	0.013199578	0.00677415	0
Rs-E47_termite_group	0	0	0	0	0	0	0	0	0	0	0	0	0	0	0	0	0	0	0	0	0	0	0	0	0	0	0	0	0	0	0	0.013760205	0	0.02032245	0.005509338
SHA-26_fa	0	0	0	0	0	0	0	0	0	0	0	0	0	0	0	0	0	0	0	0	0	0	0	0	0	0	0	0	0	0	0	0	0	0	0
P9X2b3D02_fa	0	0	0	0	0	0	0	0	0	0	0	0	0	0	0	0	0	0	0	0	0	0	0	0	0	0	0	0	0	0	0	0	0	0	0
Absconditabacteriales_(SR1)_fa	0	0	0	0	0	0	0.006477103	0	0	0	0	0	0.008169267	0.012277471	0.002592689	0	0.013625835	0.012969748	0	0	0	0	0	0	0	0	0	0	0	0	0	0	0	0	0
Melioribacteraceae	0	0	0	0	0	0	0	0	0	0	0	0	0	0	0	0	0	0	0	0	0	0	0	0	0	0	0	0	0	0	0	0	0	0	0
Elusimicrobiaceae	0	0	0	0	0	0	0	0	0	0	0	0	0	0	0	0	0	0	0	0	0	0	0	0	0	0	0	0	0	0	0	0.004586735	0.013199578	0.02032245	0
Gitt-GS-136_fa	0	0	0	0	0	0	0	0	0	0	0	0	0	0	0	0	0	0	0	0	0	0	0	0	0	0	0	0	0	0	0	0	0.013199578	0	0.011018677
Syntrophobacteraceae	0	0	0	0	0	0	0	0	0	0	0	0	0	0	0	0	0	0	0	0	0	0	0	0	0	0	0	0	0	0	0	0	0	0	0
Xanthomonadales_unclassified	0	0	0	0	0	0	0	0	0	0	0	0	0	0	0	0	0	0	0	0	0	0	0	0	0	0	0	0	0	0	0	0.00917347	0	0	0
Berkelbacteria_fa	0	0	0	0	0	0	0	0	0	0	0	0	0	0	0	0	0	0	0	0	0	0	0	0	0	0	0	0	0	0	0	0.004586735	0.013199578	0.00677415	0.011018677
LH041	0	0	0	0	0	0	0	0	0	0	0	0	0	0	0	0	0	0	0	0	0	0	0	0	0	0	0	0	0	0	0	0	0	0	0
Subgroup_11_fa	0	0	0	0	0	0	0	0	0	0	0	0	0	0	0	0	0	0	0	0	0	0	0	0	0	0	0	0	0	0	0	0	0	0	0
Criblamydiaceae	0	0	0	0	0	0	0	0	0	0	0	0	0	0	0	0	0	0	0	0	0	0	0	0	0	0	0	0	0	0	0	0	0	0	0
LD1-PB3_fa	0	0	0	0	0	0	0	0	0	0	0	0	0	0	0	0	0	0	0	0	0	0	0	0	0	0	0	0	0	0	0	0	0	0	0
Dietziaceae	0	0	0	0	0	0	0	0	0	0	0	0	0	0	0	0	0	0	0	0	0	0	0	0	0	0	0	0	0	0	0	0	0	0	0
possible_family_01	0	0	0	0	0	0	0	0	0	0	0	0	0	0	0	0	0	0	0	0	0	0	0	0	0	0	0	0	0	0	0	0	0	0	0
Geodermatophilaceae	0	0	0.004143017	0.00573954	0	0	0	0	0	0	0	0	0	0	0	0	0	0	0	0	0	0	0	0	0	0	0	0	0	0	0.003598158	0.004586735	0	0	0
Lineage_IIc_fa	0	0	0	0	0	0	0	0	0	0	0	0	0	0	0	0	0	0	0	0	0	0	0	0	0	0	0	0	0	0	0	0.018346941	0.026399155	0.02032245	0.005509338
Acetobacterales_Incertae_Sedis	0	0	0	0	0	0	0	0	0	0	0	0	0	0	0	0	0	0	0	0	0	0	0	0	0	0	0	0	0	0	0	0.004586735	0	0.0135483	0
GAL15_fa	0	0	0	0	0	0	0	0	0	0	0	0	0	0	0	0	0	0	0	0	0	0	0	0	0	0	0	0	0	0	0	0	0	0	0
028H05-P-BN-P5_fa	0	0	0	0	0	0	0	0	0	0	0	0	0	0	0	0	0	0	0	0	0	0	0	0	0	0	0	0	0	0	0	0	0	0	0
S-BQ2-57_soil_group_fa	0	0	0	0	0	0	0	0	0	0	0	0	0	0	0	0	0	0	0	0	0	0	0	0	0	0	0	0	0	0	0	0	0	0	0
L21-RPul-D3	0	0	0	0	0	0	0	0	0	0	0	0	0	0	0	0	0	0	0	0	0	0	0	0	0	0	0	0	0	0	0	0	0	0	0
Candidatus_Woesebacteria_fa	0	0	0	0	0	0	0	0	0	0	0	0	0	0	0	0	0	0	0	0	0	0	0	0	0	0	0	0	0	0	0	0	0	0	0
Leeiaceae	0	0	0	0	0	0	0	0	0	0	0	0	0	0	0	0	0	0	0	0	0	0	0	0	0	0	0	0	0	0	0	0.00917347	0	0.00677415	0.005509338
MBMPE27_fa	0	0	0	0	0	0	0	0	0	0	0	0	0	0	0	0	0	0	0	0	0	0	0	0	0	0	0	0	0	0	0	0	0	0	0
M2PB4-65_termite_group	0	0	0	0	0	0	0	0	0	0	0	0	0	0	0	0	0	0	0	0	0	0	0	0	0	0	0	0	0	0	0	0	0	0	0
Micrococcales_unclassified	0	0.007754944	0.004143017	0	0.004370438	0	0	0	0	0	0	0	0	0	0	0	0.003406459	0.003242437	0	0	0	0	0	0	0	0	0	0.004838163	0	0	0	0	0	0	0
Candidatus_Vogelbacteria_fa	0	0	0	0	0	0	0	0	0	0	0	0	0	0	0	0	0	0	0	0	0	0	0	0	0	0	0	0	0	0	0	0	0	0	0
MVP-88_fa	0	0	0	0	0	0	0	0	0	0	0	0	0	0	0	0	0	0	0	0	0	0	0	0	0	0	0	0	0	0	0	0.055040822	0.013199578	0.00677415	0.03305603
Candidatus_Uhrbacteria_fa	0	0	0	0	0	0	0	0	0	0	0	0	0	0	0	0	0	0	0	0	0	0	0	0.006702413	0	0	0	0	0	0	0	0.036693881	0.039598733	0.027096599	0.011018677
Promicromonosporaceae	0	0	0	0	0	0	0	0	0	0	0	0	0	0	0	0	0	0	0	0	0	0	0	0	0	0	0	0	0	0	0	0.004586735	0	0	0.005509338
UBA12411	0	0	0	0	0	0	0	0	0	0	0	0	0	0	0	0	0	0	0	0	0	0	0	0	0	0	0	0	0	0	0	0	0.013199578	0.00677415	0.005509338
AB1	0	0	0	0	0	0	0	0	0	0	0	0	0	0	0.01814882	0	0	0	0	0	0	0	0	0	0	0	0	0	0	0	0	0	0	0	0
MVP-15_fa	0	0	0	0	0	0	0	0	0	0	0	0	0	0	0	0	0	0	0	0	0	0	0	0	0	0	0	0	0	0	0	0	0	0.00677415	0.005509338
Candidatus_Komeilibacteria_fa	0	0	0	0	0	0	0	0	0	0	0	0	0	0	0	0	0	0	0	0	0	0	0	0	0	0	0	0	0	0	0	0	0	0	0
DTB120_fa	0	0	0	0	0	0	0	0	0	0	0	0	0	0	0	0	0	0	0	0	0	0	0	0	0	0	0	0	0	0	0	0.004586735	0	0.0135483	0.016528015
Victivallales_unclassified	0	0	0	0	0	0	0	0	0	0	0	0	0	0	0	0	0	0	0	0	0	0	0	0	0	0	0	0	0	0	0	0.004586735	0.013199578	0.00677415	0
Candidatus_Falkowbacteria_fa	0	0	0	0	0	0	0	0	0	0	0	0	0	0	0	0	0	0	0	0	0	0	0	0	0	0	0	0	0	0	0	0.004586735	0.013199578	0.00677415	0
Mollicutes_RF39_fa	0	0	0	0	0	0	0	0	0	0	0	0	0	0	0	0	0	0	0	0	0	0	0	0	0	0	0	0	0	0	0	0	0.013199578	0	0.011018677
CHAB-XI-27_fa	0	0	0	0	0	0	0	0	0	0	0	0	0	0	0	0	0	0	0	0	0	0	0	0	0	0	0	0	0	0	0	0	0	0	0
Elusimicrobia_unclassified	0	0	0	0	0	0	0	0	0	0	0	0	0	0	0	0	0	0	0	0	0	0	0	0	0	0	0	0	0	0	0	0.00917347	0	0.02032245	0.005509338
Streptococcaceae	0	0	0	0	0	0	0	0	0	0	0	0	0	0	0	0	0	0	0	0	0	0	0	0	0	0	0	0	0	0	0	0	0	0	0
Streptomycetaceae	0	0	0	0	0	0	0.006477103	0	0	0	0	0	0	0	0	0	0	0	0	0	0	0	0	0	0	0	0	0	0	0	0	0.013760205	0	0	0
UBA10353_marine_group_fa	0	0	0	0	0	0	0	0	0	0	0	0	0	0	0	0	0	0	0	0	0	0	0	0	0	0	0	0	0	0	0	0	0	0	0
GWF2-44-16	0	0	0	0	0	0	0	0	0	0	0	0	0	0	0	0	0	0	0	0	0	0	0	0	0	0	0	0	0	0	0	0	0	0	0
Subgroup_18_fa	0	0	0	0	0	0	0	0	0	0	0	0	0	0	0	0	0	0	0	0	0	0	0	0	0	0	0	0	0	0	0	0.004586735	0	0	0
Candidatus_Jorgensenbacteria_fa	0	0	0	0	0	0	0	0	0	0	0	0	0	0	0	0	0	0	0	0	0	0	0	0	0	0	0	0	0	0	0	0.013760205	0.013199578	0.02032245	0.005509338
Candidatus_Kerfeldbacteria_fa	0	0	0	0	0	0	0	0	0	0	0	0	0	0	0	0	0	0	0	0	0	0	0	0	0	0	0	0	0	0	0	0.004586735	0	0.00677415	0.005509338
27F-1492R	0	0	0	0	0	0	0	0	0	0	0	0	0	0	0	0	0	0	0	0	0	0	0	0	0	0	0	0	0	0	0	0	0	0	0
Candidatus_Lloydbacteria_fa	0	0	0	0	0	0	0	0	0	0	0	0	0	0	0	0	0	0	0	0	0	0	0	0	0	0	0	0	0	0	0	0	0.013199578	0.00677415	0
Rhodospirillales_unclassified	0	0	0	0	0	0	0	0	0	0	0	0	0	0	0	0	0	0	0	0	0	0	0	0	0	0	0	0	0	0	0	0.004586735	0.013199578	0.0135483	0
Candidatus_Nomurabacteria_fa	0	0	0	0	0	0	0	0	0	0	0	0	0	0	0	0	0	0	0	0	0	0	0	0	0	0	0	0	0	0	0	0.004586735	0	0.02032245	0
Mitochondria	0	0	0	0	0	0	0	0	0	0	0	0	0	0	0	0	0	0	0	0	0	0	0	0	0	0	0	0	0	0	0	0	0	0	0
Subgroup_12_fa	0	0	0	0	0	0	0	0	0	0	0	0	0	0	0	0	0	0	0	0	0	0	0	0	0	0	0	0	0	0	0	0	0	0	0
Fusobacteriaceae	0	0	0	0	0	0	0	0	0	0	0	0	0	0	0	0	0	0	0	0	0	0	0	0	0	0	0	0	0	0	0	0	0	0	0
Candidatus_Colwellbacteria_fa	0	0	0	0	0	0	0	0	0	0	0	0	0	0	0	0	0	0	0	0	0	0	0	0	0	0	0	0	0	0	0	0.004586735	0.026399155	0	0.005509338
Magnetospirillaceae	0	0	0	0	0	0	0	0	0	0	0	0	0	0	0	0	0	0	0	0	0	0	0	0	0	0	0	0	0	0	0	0.00917347	0	0	0
Euzebyaceae	0	0	0	0	0	0	0	0	0	0	0	0	0	0	0	0	0	0	0	0	0	0	0	0	0	0	0	0	0	0	0	0	0	0	0
P2-11E_fa	0	0	0	0	0	0	0	0	0	0	0	0	0	0	0	0	0	0	0	0	0	0	0	0	0	0	0	0	0	0	0	0.004586735	0	0.0135483	0
Coriobacteriales_Incertae_Sedis	0	0	0	0	0	0	0	0	0	0	0	0	0	0	0	0	0	0	0	0	0	0	0	0	0	0	0	0	0	0	0	0	0	0.00677415	0.011018677
Candidatus_Moranbacteria_fa	0	0	0	0	0	0	0	0	0	0	0	0	0	0	0	0	0	0	0	0	0	0	0	0	0	0	0	0	0	0	0	0	0	0	0
Flammeovirgaceae	0	0	0	0	0	0	0	0	0	0	0	0	0	0	0	0	0	0	0	0	0	0	0	0	0	0	0	0	0	0	0	0	0	0	0
Lenti-02	0	0	0	0	0	0	0	0	0	0	0	0	0	0	0	0	0	0	0	0	0	0	0	0	0	0	0	0	0	0	0	0	0	0	0
MSB-3C8	0	0	0	0	0	0	0	0	0	0	0	0	0	0	0	0	0	0	0	0	0	0	0	0	0	0	0	0	0	0	0	0	0	0	0
Lindowbacteria_fa	0	0	0	0	0	0	0	0	0	0	0	0	0	0	0	0	0	0	0	0	0	0	0	0	0	0	0	0	0	0	0	0.004586735	0	0.00677415	0.005509338
Candidatus_Giovannonibacteria_fa	0	0	0	0	0	0	0	0	0	0	0	0	0	0	0	0	0	0	0	0	0	0	0	0	0	0	0	0	0	0	0	0.004586735	0	0.00677415	0.005509338
Firestonebacteria_fa	0	0	0	0	0	0	0	0	0	0	0	0	0	0	0	0	0	0	0	0	0	0	0	0	0	0	0	0	0	0	0	0	0	0	0
Acidobacteriaceae_(Subgroup_1)	0	0	0	0	0	0	0	0	0	0	0	0	0	0	0	0	0	0	0	0	0	0	0	0	0	0	0	0	0	0	0	0	0	0	0
Kiloniellaceae	0	0	0	0	0	0	0	0	0	0	0	0	0	0	0	0	0	0	0	0	0	0	0	0	0	0	0	0	0	0	0	0	0	0	0
D05-2	0	0	0	0	0	0	0	0	0	0	0	0	0	0	0	0	0	0	0	0	0	0	0	0	0	0	0	0	0	0	0	0	0	0	0
Procabacteriaceae	0	0	0	0	0	0	0	0	0	0	0	0	0	0	0	0	0	0	0	0	0	0	0	0	0	0	0	0	0	0	0	0	0	0	0
Armatimonadetes_unclassified	0	0	0	0	0	0	0	0	0	0	0	0	0	0	0	0	0	0	0	0	0	0	0	0	0	0	0	0	0	0	0	0	0	0	0
Barnesiellaceae	0	0	0	0	0	0	0	0	0	0	0	0	0	0	0	0	0	0	0	0	0	0	0	0	0	0	0	0	0	0	0	0	0	0	0
Syntrophorhabdaceae	0	0	0	0	0	0	0	0	0	0	0	0	0	0	0	0	0	0	0	0	0	0	0	0	0	0	0	0	0	0	0	0	0	0	0
Chloroplast_fa	0	0	0	0	0	0	0	0	0	0	0	0	0	0	0	0	0	0	0	0	0	0	0	0	0	0	0	0.004838163	0.007501594	0	0	0	0	0	0
MidBa8	0	0	0	0	0	0	0	0	0	0	0	0	0	0	0	0	0	0	0	0	0	0	0	0	0	0	0	0	0	0	0	0	0	0	0
Firmicutes_unclassified	0	0	0	0	0	0	0	0	0	0	0	0	0	0	0	0	0	0	0	0	0	0	0	0	0	0	0	0	0	0	0	0	0	0	0
Candidatus_Doudnabacteria_fa	0	0	0	0	0	0	0	0	0	0	0	0	0	0	0	0	0	0	0	0	0	0	0	0	0	0	0	0	0	0	0	0.004586735	0	0	0.005509338
Schekmanbacteria_fa	0	0	0	0	0	0	0	0	0	0	0	0	0	0	0	0	0	0	0	0	0	0	0	0	0	0	0	0	0	0	0	0.004586735	0	0.00677415	0
Waddliaceae	0	0	0	0	0	0	0	0	0	0	0	0	0	0	0	0	0	0	0	0	0	0	0	0	0	0	0	0	0	0	0	0.004586735	0	0.00677415	0
bac2nit3	0	0	0	0	0	0	0	0	0	0	0	0	0	0	0	0	0	0	0	0	0	0	0	0	0	0	0	0	0	0	0	0	0	0	0
Candidatus_Buchananbacteria_fa	0	0	0	0	0	0	0	0	0	0	0	0	0	0	0	0	0	0	0	0	0	0	0	0	0	0	0	0	0	0	0	0	0	0	0.011018677
Gastranaerophilales_fa	0	0	0	0	0	0	0	0	0	0	0	0	0	0	0	0	0	0	0	0	0	0	0	0	0	0	0	0	0	0	0	0	0	0	0
Idiomarinaceae	0	0	0	0	0	0	0	0	0	0	0	0	0	0	0	0	0	0	0	0	0	0	0	0	0	0	0	0	0	0	0	0	0	0	0
MSBL9_unclassified	0	0	0	0	0	0	0	0	0	0	0	0	0	0	0	0	0	0	0	0	0	0	0	0	0	0	0	0	0	0	0	0	0	0	0
Desulfovibrionales_unclassified	0	0	0	0	0	0	0	0	0	0	0	0	0	0	0	0	0	0	0	0	0	0	0	0	0	0	0	0	0	0	0	0	0	0	0
Bacteroidetes_BD2-2	0	0	0	0	0	0	0	0	0	0	0	0	0	0	0	0	0	0	0	0	0	0	0	0	0	0	0	0	0	0	0	0	0	0	0
Clostridiaceae_4	0	0	0	0	0	0	0	0	0	0	0	0	0	0	0	0	0	0	0	0	0	0	0	0	0	0	0	0	0	0	0	0	0	0	0
Endomicrobiaceae	0	0	0	0	0	0	0	0	0	0	0	0	0	0	0	0	0	0	0	0	0	0	0	0	0	0	0	0	0	0	0	0	0	0	0
JGI_0000069-P22_fa	0	0	0	0	0	0	0	0	0	0	0	0	0	0	0	0	0	0	0	0	0	0	0	0	0	0	0	0	0	0	0	0	0	0	0
Methylophagaceae	0	0	0	0	0	0	0	0	0	0	0	0	0	0	0	0	0	0	0	0	0	0	0	0	0	0	0	0	0	0	0	0	0	0	0
1-20_fa	0	0	0	0	0	0	0	0	0	0	0	0	0	0	0	0	0	0	0	0	0	0	0	0	0	0	0	0	0	0	0	0	0	0	0
Rs-K70_termite_group_fa	0	0	0	0	0	0	0	0	0	0	0	0	0	0	0	0	0	0	0	0	0	0	0	0	0	0	0	0	0	0	0	0.00917347	0	0	0
vadinHA21	0	0	0	0	0	0	0	0	0	0	0	0	0	0	0	0	0	0	0	0	0	0	0	0	0	0	0	0	0	0	0	0.00917347	0	0	0
WOR-1_fa	0	0	0	0	0	0	0	0	0	0	0	0	0	0	0	0	0	0	0	0	0	0	0	0	0	0	0	0	0	0	0	0	0	0	0
Dehalococcoidia_unclassified	0	0	0	0	0	0	0	0	0	0	0	0	0	0	0	0	0	0	0	0	0	0	0	0	0	0	0	0	0	0	0	0	0	0	0
Corynebacteriaceae	0	0	0	0	0	0	0	0	0	0	0	0	0	0	0	0	0	0	0	0	0	0	0	0	0.002138306	0	0	0	0	0	0	0.004586735	0	0	0
Prevotellaceae	0	0	0	0	0	0	0	0	0	0	0	0	0	0	0	0	0	0	0	0	0	0	0	0	0	0	0	0	0	0	0	0	0	0	0
1013-28-CG33_fa	0	0	0	0	0	0	0	0	0	0	0	0	0	0	0	0	0	0	0	0	0	0	0	0	0	0	0	0	0	0	0	0	0	0	0
Acholeplasmataceae	0	0	0	0	0	0	0	0	0	0	0	0	0	0	0	0	0	0	0	0	0	0	0	0	0	0	0	0	0	0	0	0	0	0	0
Victivallales_fa	0	0	0	0	0	0	0	0	0	0	0	0	0	0	0	0	0	0	0	0	0	0	0	0	0	0	0	0	0	0	0	0	0	0	0
Victivallaceae	0	0	0	0	0	0	0	0	0	0	0	0	0	0	0	0	0	0	0	0	0	0	0	0	0	0	0	0	0	0	0	0	0	0	0
Rickettsiales_Incertae_Sedis	0	0	0	0	0	0	0	0	0	0	0	0	0	0	0	0	0	0	0	0	0	0	0	0	0	0	0	0	0	0	0	0	0	0	0
FS118-23B-02_fa	0	0	0	0	0	0	0	0	0	0	0	0	0	0	0	0	0	0	0	0	0	0	0	0	0	0	0	0	0	0	0	0	0	0	0
Vulgatibacteraceae	0	0	0	0	0	0	0	0	0	0	0	0	0	0	0	0	0	0	0	0	0	0	0	0	0	0	0	0	0	0	0	0	0	0	0
Microbulbiferaceae	0	0	0	0	0	0	0	0	0	0	0	0	0	0	0	0	0	0	0	0	0	0	0	0	0	0	0	0	0	0	0	0	0	0	0
A21b	0	0	0	0	0	0	0	0	0	0	0	0	0	0	0	0	0	0	0	0	0	0	0	0	0	0	0	0	0	0	0	0	0	0	0
WCHB1-81_fa	0	0	0	0	0	0	0	0	0	0	0	0	0	0	0	0	0	0	0	0	0	0	0	0	0	0	0	0	0	0	0	0	0	0	0
SM1B06	0	0	0	0	0	0	0	0	0	0	0	0	0	0	0	0	0	0	0	0	0	0	0	0	0	0	0	0	0	0	0	0	0	0	0
Planctomycetales_unclassified	0	0	0	0	0	0	0	0	0	0	0	0	0	0	0	0	0	0	0	0	0	0	0	0	0	0	0	0	0	0	0	0	0	0	0